Sample	dose1	dose2	dose3	dose4
HIP00110	0	1	0	0
HIP00169	1	0	0	0
HIP00594	0	0	0	0
HIP00602	1	0	0	0
HIP00614	0	1	0	0
HIP00640	0	0	0	0
HIP00707	0	0	0	0
HIP00710	0	1	0	0
HIP00715	0	0	0	0
HIP00728	0	0	0	0
HIP00734	0	0	0	0
HIP00761	0	0	0	0
HIP00769	1	0	0	0
HIP00771	0	0	0	0
HIP00773	0	1	0	0
HIP00775	1	1	0	0
HIP00777	0	1	0	0
HIP00779	2	0	0	0
HIP00813	0	0	0	0
HIP00819	1	0	0	0
HIP00822	0	1	0	1
HIP00825	1	1	0	0
HIP00826	0	0	0	0
HIP00832	2	0	0	0
HIP00838	0	0	0	0
HIP00851	0	1	0	0
HIP00869	0	2	0	0
HIP00898	0	0	0	1
HIP00904	0	0	0	0
HIP00924	0	0	0	0
HIP00926	0	1	0	0
HIP00934	1	1	0	0
HIP00951	0	1	0	0
HIP00971	0	0	0	0
HIP00985	0	1	0	0
HIP00997	1	0	0	0
HIP00999	0	1	0	0
HIP01004	1	1	0	0
HIP01022	0	1	0	0
HIP01055	0	0	0	0
HIP01091	0	0	0	0
HIP01129	0	0	1	0
HIP01140	0	1	0	0
HIP01160	0	1	0	0
HIP01161	0	0	0	0
HIP01162	0	2	0	0
HIP01180	0	1	0	0
HIP01181	1	1	0	0
HIP01197	1	1	0	0
HIP01206	0	1	0	0
HIP01218	0	0	0	0
HIP01219	0	0	0	0
HIP01220	0	0	0	0
HIP01223	0	0	0	0
HIP01232	1	0	0	0
HIP01253	2	0	0	0
HIP01255	0	0	0	0
HIP01264	0	1	0	0
HIP01266	2	0	0	0
HIP01298	0	0	1	0
HIP01313	1	0	0	0
HIP01359	0	0	0	0
HIP01384	0	0	1	0
HIP01391	0	0	0	0
HIP01392	0	0	0	0
HIP01393	1	0	0	0
HIP01465	0	0	0	0
HIP01470	2	0	0	0
HIP01499	0	0	0	1
HIP01501	1	0	0	0
HIP01571	1	0	0	0
HIP01582	0	0	0	0
HIP01596	0	2	0	0
HIP01597	0	0	0	0
HIP01765	0	0	0	0
HIP01795	0	1	0	0
HIP01797	1	0	1	0
HIP01798	0	1	0	0
HIP01805	2	0	0	0
HIP01820	1	0	1	0
HIP01856	0	0	0	0
HIP01865	0	0	0	0
HIP01867	0	0	0	0
HIP01870	0	1	0	0
HIP01947	1	0	0	0
HIP02078	1	0	1	0
HIP02090	0	1	0	0
HIP02103	1	0	0	0
HIP02112	0	0	0	0
HIP02126	0	0	0	0
HIP02663	0	0	0	0
HIP02734	0	2	0	0
HIP02737	0	1	0	0
HIP02780	1	0	0	0
HIP02790	0	0	0	0
HIP02805	1	0	0	0
HIP02811	1	0	0	0
HIP02848	1	1	0	0
HIP02855	0	0	0	0
HIP02873	0	0	0	0
HIP02875	2	0	0	0
HIP02877	0	1	0	0
HIP02928	0	0	0	0
HIP02947	0	0	0	0
HIP02962	1	0	0	0
HIP02997	1	0	0	0
HIP03004	1	1	0	0
HIP03099	0	0	0	0
HIP03107	2	0	0	0
HIP03111	1	0	0	0
HIP03125	0	0	0	0
HIP03184	1	0	0	0
HIP03197	0	1	0	0
HIP03216	1	0	0	0
HIP03228	1	0	0	0
HIP03233	0	0	0	0
HIP03236	0	0	0	0
HIP03275	1	1	0	0
HIP03370	1	0	0	0
HIP03378	1	0	0	0
HIP03381	0	0	0	0
HIP03383	0	0	0	0
HIP03385	0	1	0	0
HIP03484	0	0	0	0
HIP03494	1	0	0	0
HIP03495	0	0	0	0
HIP03502	0	0	0	1
HIP03505	0	0	0	0
HIP03511	0	0	0	0
HIP03591	1	0	0	0
HIP03592	0	0	0	0
HIP03597	1	0	0	0
HIP03628	1	0	0	0
HIP03630	0	0	0	0
HIP03651	0	1	0	0
HIP03677	0	0	0	0
HIP03678	1	0	0	0
HIP03685	0	0	0	0
HIP03693	0	1	0	0
HIP03695	0	0	0	0
HIP03720	0	1	0	0
HIP03732	0	0	0	0
HIP03746	0	0	0	0
HIP03807	1	0	0	0
HIP03812	1	0	0	0
HIP03814	2	0	0	0
HIP04464	0	1	0	0
HIP04471	0	1	1	0
HIP04480	1	0	0	0
HIP04498	0	1	0	0
HIP04510	1	0	0	1
HIP04511	0	0	0	0
HIP04527	1	0	0	0
HIP04532	0	0	0	0
HIP04552	2	0	0	0
HIP04555	0	0	0	0
HIP04576	0	0	0	1
HIP04578	0	1	0	0
HIP04597	0	0	0	0
HIP04605	1	1	0	0
HIP04611	2	0	0	0
HIP04634	1	0	0	0
HIP04958	0	0	0	0
HIP05311	0	0	0	0
HIP05331	0	0	0	0
HIP05377	1	0	0	0
HIP05388	1	1	0	0
HIP05390	0	1	0	0
HIP05398	0	2	0	0
HIP05405	0	0	0	1
HIP05409	0	2	0	0
HIP05434	0	1	0	0
HIP05437	1	1	0	0
HIP05444	1	0	0	0
HIP05455	0	0	0	0
HIP05460	1	1	0	0
HIP05467	0	0	0	0
HIP05524	1	0	1	0
HIP05540	0	1	0	0
HIP05551	0	1	0	0
HIP05552	0	0	0	0
HIP05559	0	1	0	0
HIP05561	1	1	0	0
HIP05563	0	0	0	0
HIP05574	0	0	0	0
HIP05578	0	1	0	1
HIP05590	0	0	0	0
HIP05595	0	0	0	0
HIP05665	0	1	0	0
HIP05757	2	0	0	0
HIP05763	0	1	0	0
HIP05815	1	0	0	0
HIP05817	0	0	0	0
HIP05832	2	0	0	0
HIP05838	1	0	0	0
HIP05841	0	1	0	0
HIP05934	0	0	0	0
HIP05941	0	1	0	0
HIP05942	1	1	0	0
HIP05948	0	0	0	0
HIP05960	1	0	0	0
HIP06191	1	0	0	0
HIP07754	0	1	0	0
HIP08076	0	0	0	0
HIP08200	0	0	0	0
HIP08223	0	2	0	0
HIP08230	0	0	0	0
HIP08236	0	0	0	0
HIP08337	0	1	0	0
HIP08339	1	1	0	0
HIP08345	1	1	0	0
HIP08346	0	1	0	0
HIP08389	1	0	0	0
HIP08399	0	1	0	0
HIP08400	0	0	0	0
HIP08439	1	0	0	0
HIP08499	2	0	0	0
HIP08507	1	0	0	1
HIP08521	1	0	0	0
HIP08596	1	1	0	0
HIP08598	0	1	0	0
HIP08653	1	0	0	0
HIP08702	2	0	0	0
HIP08710	0	0	0	0
HIP08711	0	0	0	0
HIP08725	2	0	0	0
HIP08792	0	0	0	0
HIP08805	0	0	0	0
HIP08816	0	0	0	0
HIP08821	0	0	1	0
HIP08827	0	0	0	0
HIP08888	1	1	0	0
HIP08890	1	1	0	0
HIP08972	0	1	0	0
HIP08986	0	1	0	0
HIP08989	0	2	0	0
HIP09001	0	0	0	0
HIP09020	0	1	0	0
HIP09026	0	1	0	0
HIP09029	0	0	0	0
HIP09046	1	1	0	0
HIP09051	0	1	0	0
HIP09062	2	0	0	0
HIP09097	1	1	0	0
HIP09118	1	0	0	0
HIP09119	0	1	0	0
HIP09122	2	0	0	0
HIP09150	0	0	0	0
HIP09159	0	0	0	0
HIP09190	1	0	0	0
HIP09253	1	0	0	0
HIP09284	1	1	0	0
HIP09344	0	0	0	0
HIP09364	0	0	0	0
HIP09365	0	0	0	0
HIP09366	0	1	0	0
HIP09430	0	1	0	0
HIP09559	1	0	0	0
HIP09624	0	1	0	0
HIP09681	1	1	0	0
HIP09775	2	0	0	0
HIP09789	2	0	0	0
HIP10358	1	0	0	0
HIP10376	0	1	0	0
HIP10377	1	1	0	0
HIP10389	0	1	0	0
HIP10408	0	0	0	0
HIP10424	0	0	0	0
HIP10443	0	1	0	0
HIP10445	0	0	0	0
HIP10447	0	0	1	0
HIP10480	0	2	0	0
HIP10507	1	0	0	0
HIP10514	0	0	0	0
HIP10545	0	0	0	0
HIP10564	0	1	0	0
HIP10568	0	1	0	0
HIP10597	0	1	0	0
HIP10602	0	1	0	0
HIP10639	1	0	0	0
HIP10669	1	0	1	0
HIP10694	0	1	0	0
HIP10716	0	1	0	0
HIP10726	0	1	0	0
HIP10730	1	0	0	0
HIP10746	0	1	0	0
HIP10759	0	0	0	0
HIP10787	1	0	0	0
HIP10814	0	1	0	0
HIP10815	1	0	0	0
HIP10817	0	1	0	0
HIP10820	0	0	0	0
HIP10821	0	1	0	0
HIP10823	0	0	0	0
HIP11058	0	0	0	0
HIP11513	0	1	0	0
HIP11518	0	1	0	0
HIP11553	0	2	0	0
HIP11613	0	0	0	0
HIP11649	0	0	0	0
HIP11711	0	0	0	0
HIP11717	0	0	0	0
HIP11758	0	1	0	0
HIP11774	0	1	0	0
HIP11784	1	1	0	0
HIP11845	2	0	0	0
HIP11857	1	0	0	0
HIP11937	0	0	0	0
HIP11989	1	0	0	0
HIP12034	0	0	0	0
HIP12088	1	0	0	1
HIP12091	0	1	0	0
HIP12097	0	0	0	0
HIP12099	0	0	0	0
HIP12123	0	0	0	0
HIP12129	1	0	0	0
HIP12527	0	1	0	0
HIP12533	0	0	0	0
HIP12534	0	1	0	0
HIP12538	0	1	0	0
HIP12703	1	0	0	0
HIP12743	1	0	0	0
HIP12900	0	0	0	0
HIP12980	1	0	0	0
HIP13015	1	0	0	0
HIP13122	0	1	0	0
HIP13142	0	0	0	0
HIP13157	0	0	0	0
HIP13168	0	1	0	0
HIP13176	1	1	0	0
HIP13178	2	0	0	0
HIP13183	1	0	0	0
HIP13193	0	0	0	0
HIP13206	0	0	1	0
HIP13209	1	1	0	0
HIP13214	0	1	0	0
HIP13217	0	0	1	0
HIP13220	0	1	1	0
HIP13227	0	1	0	0
HIP13228	0	1	0	0
HIP13230	1	0	0	0
HIP13233	1	0	0	0
HIP13244	1	0	0	0
HIP13245	0	2	0	0
HIP13251	0	1	0	0
HIP13252	0	1	0	0
HIP13256	2	0	0	0
HIP13263	0	1	0	0
HIP13265	1	0	0	0
HIP13274	2	0	0	0
HIP13276	1	0	0	0
HIP13291	0	0	0	0
HIP13294	0	0	0	0
HIP13296	0	0	0	0
HIP13303	1	1	0	0
HIP13306	0	0	0	0
HIP13309	0	1	0	0
HIP13318	0	2	0	0
HIP13319	1	0	0	0
HIP13324	1	1	0	0
HIP13325	1	0	0	0
HIP13350	0	0	0	0
HIP13352	0	0	0	0
HIP13355	0	1	0	0
HIP13360	0	0	0	0
HIP13361	0	0	0	0
HIP13363	1	0	0	0
HIP13376	0	0	0	0
HIP13383	0	1	0	0
HIP13396	1	0	0	0
HIP13402	0	1	1	0
HIP13414	0	1	0	0
HIP13449	0	0	0	0
HIP13463	1	0	0	0
HIP13465	0	0	0	0
HIP13478	0	1	0	0
HIP13489	0	1	0	0
HIP13497	1	0	0	0
HIP13505	0	0	0	0
HIP13511	1	0	0	0
HIP13513	0	0	0	0
HIP13515	0	0	0	1
HIP13518	1	0	0	0
HIP13554	2	0	0	0
HIP13567	1	0	0	0
HIP13592	0	0	0	0
HIP13610	1	0	0	0
HIP13625	1	0	1	0
HIP13627	0	1	0	0
HIP13654	0	0	0	0
HIP13661	1	0	0	0
HIP13663	0	1	0	0
HIP13667	0	0	0	0
HIP13671	0	1	0	0
HIP13686	1	0	0	0
HIP13695	0	1	0	0
HIP13699	0	0	0	0
HIP13703	1	0	0	0
HIP13709	1	0	0	0
HIP13710	0	1	0	0
HIP13720	2	0	0	0
HIP13722	0	0	1	0
HIP13736	0	0	0	0
HIP13741	0	0	0	0
HIP13746	0	1	0	0
HIP13749	0	1	0	0
HIP13751	0	0	0	0
HIP13753	0	0	0	0
HIP13754	1	1	0	0
HIP13757	0	0	0	0
HIP13760	1	0	0	0
HIP13764	0	1	0	0
HIP13766	1	0	0	0
HIP13769	1	1	0	0
HIP13771	0	0	0	0
HIP13773	0	0	1	0
HIP13774	0	0	0	0
HIP13777	0	1	0	0
HIP13780	0	0	0	0
HIP13782	0	0	0	0
HIP13789	1	0	0	0
HIP13793	0	0	0	0
HIP13794	1	0	0	0
HIP13796	0	0	0	0
HIP13800	0	1	0	0
HIP13803	0	0	0	0
HIP13806	1	0	0	0
HIP13809	0	0	0	0
HIP13810	2	0	0	0
HIP13812	2	0	0	0
HIP13814	1	1	0	0
HIP13818	1	0	0	0
HIP13822	2	0	0	0
HIP13823	2	0	0	0
HIP13831	1	1	0	0
HIP13833	1	0	0	0
HIP13847	0	0	0	0
HIP13848	0	0	0	0
HIP13852	0	2	0	0
HIP13853	0	1	0	0
HIP13854	2	0	0	0
HIP13856	0	1	0	0
HIP13857	0	0	0	0
HIP13859	1	1	0	0
HIP13860	0	1	0	0
HIP13865	1	0	0	0
HIP13869	1	0	0	0
HIP13871	0	0	0	0
HIP13875	0	2	0	0
HIP13877	0	0	0	0
HIP13880	0	1	0	1
HIP13887	0	1	0	0
HIP13893	0	0	0	0
HIP13894	1	0	0	0
HIP13900	0	0	0	0
HIP13902	0	2	0	0
HIP13903	0	0	0	0
HIP13911	0	0	0	0
HIP13916	0	0	1	0
HIP13919	1	0	0	0
HIP13920	1	0	0	0
HIP13923	0	2	0	0
HIP13926	1	0	0	0
HIP13928	0	0	0	0
HIP13929	0	1	0	0
HIP13932	0	0	0	0
HIP13933	0	1	0	0
HIP13935	0	0	0	0
HIP13938	0	0	0	0
HIP13939	0	0	0	0
HIP13941	1	0	0	0
HIP13944	0	2	0	0
HIP13945	1	0	0	0
HIP13947	0	1	0	0
HIP13949	1	0	0	0
HIP13951	0	1	0	0
HIP13954	1	1	0	0
HIP13956	1	0	0	0
HIP13958	0	0	0	0
HIP13961	1	0	0	0
HIP13962	0	1	0	0
HIP13964	1	0	0	0
HIP13966	1	1	0	0
HIP13967	0	0	0	0
HIP13972	0	0	0	0
HIP13975	1	1	0	0
HIP13976	1	0	0	0
HIP13978	2	0	0	0
HIP13981	0	1	0	0
HIP13983	1	0	0	0
HIP13986	0	1	0	0
HIP13987	0	0	0	0
HIP13988	0	0	0	0
HIP13989	0	1	0	0
HIP13992	2	0	0	0
HIP13994	0	0	0	0
HIP13996	2	0	0	0
HIP14000	0	0	0	0
HIP14004	0	1	0	0
HIP14007	0	1	0	0
HIP14009	0	1	0	0
HIP14014	0	0	0	0
HIP14015	0	1	0	0
HIP14016	0	0	0	0
HIP14018	0	0	0	0
HIP14020	1	0	0	0
HIP14022	0	0	0	0
HIP14024	2	0	0	0
HIP14028	0	1	0	0
HIP14030	1	0	0	0
HIP14034	1	0	0	0
HIP14036	1	1	0	0
HIP14037	0	0	0	0
HIP14039	0	1	0	0
HIP14041	0	0	0	0
HIP14043	0	0	0	0
HIP14045	0	0	0	0
HIP14048	1	1	0	0
HIP14051	1	0	0	0
HIP14053	1	0	0	0
HIP14055	1	0	0	0
HIP14059	1	0	0	0
HIP14060	1	0	0	0
HIP14064	2	0	0	0
HIP14066	1	1	0	0
HIP14071	0	1	0	0
HIP14072	0	1	0	0
HIP14074	1	0	0	0
HIP14077	0	1	0	0
HIP14079	0	1	0	0
HIP14080	0	0	0	0
HIP14089	1	0	0	0
HIP14090	0	0	0	0
HIP14092	0	0	0	0
HIP14095	0	0	0	0
HIP14096	0	0	0	0
HIP14103	1	1	0	0
HIP14106	1	0	0	0
HIP14107	0	0	1	0
HIP14110	1	0	0	0
HIP14114	1	0	0	0
HIP14118	0	0	0	0
HIP14121	1	0	0	0
HIP14124	0	2	0	0
HIP14127	1	1	0	0
HIP14129	0	1	0	0
HIP14130	1	0	0	0
HIP14134	0	1	0	0
HIP14136	1	1	0	0
HIP14138	1	0	0	0
HIP14140	0	2	0	0
HIP14142	0	0	0	0
HIP14143	1	0	0	0
HIP14148	0	0	0	0
HIP14152	0	0	0	0
HIP14153	0	0	0	0
HIP14156	0	0	0	0
HIP14157	0	0	0	0
HIP14160	0	0	0	0
HIP14161	0	0	0	0
HIP14170	0	0	0	0
HIP14172	0	1	0	0
HIP14174	0	1	0	0
HIP14175	1	0	0	0
HIP14176	0	2	0	0
HIP14178	1	1	0	0
HIP14181	0	0	0	0
HIP14183	1	1	0	0
HIP14184	0	0	0	0
HIP14187	1	0	0	0
HIP14192	0	0	0	0
HIP14194	0	1	0	0
HIP14196	0	2	0	0
HIP14202	0	1	0	0
HIP14205	0	1	0	0
HIP14206	2	0	0	0
HIP14209	1	1	0	0
HIP14211	0	1	0	0
HIP14213	0	0	0	0
HIP14214	1	0	0	0
HIP14217	1	0	0	0
HIP14218	1	1	0	0
HIP14221	0	0	0	0
HIP14223	0	0	0	0
HIP14226	0	1	0	0
HIP14227	0	0	0	0
HIP14230	0	0	0	0
HIP14231	0	1	0	0
HIP14234	0	1	0	0
HIP14236	0	1	0	0
HIP14237	0	0	0	0
HIP14238	0	0	0	0
HIP14240	2	0	0	0
HIP14241	0	0	0	0
HIP14243	0	0	0	0
HIP14244	0	0	0	0
HIP14361	0	0	0	0
HIP14363	1	0	0	0
HIP14494	1	1	0	0
HIP14844	1	0	0	0
HIP14911	1	0	0	0
HIP15685	0	0	0	0
HIP15855	1	0	0	0
HIP15860	1	0	0	0
HIP15861	0	1	0	0
HIP16515	1	0	0	0
HIP16738	0	2	0	0
HIP16867	0	0	0	0
HIP17370	0	1	0	0
HIP17440	1	0	0	0
HIP17445	1	1	0	0
HIP17449	1	0	0	0
HIP17454	2	0	0	0
HIP17457	0	1	0	0
HIP17534	1	0	0	0
HIP17577	1	0	0	0
HIP17585	0	0	0	0
HIP17698	0	1	0	0
HIP17723	0	0	0	0
HIP17737	0	1	0	0
HIP17760	0	0	0	0
HIP17793	0	0	0	0
HIP17837	0	0	0	1
HIP17845	0	1	0	0
HIP17887	0	0	0	0
HIP19048	1	0	0	0
HIP19089	2	0	0	0
HIP19716	2	0	0	0
HIP19717	2	0	0	0
