Sample	dose1	dose2	dose3
HIP00110	0	1	0
HIP00169	0	0	0
HIP00594	0	0	0
HIP00602	1	0	0
HIP00614	0	0	1
HIP00640	1	0	0
HIP00707	0	0	1
HIP00710	0	0	0
HIP00715	0	0	0
HIP00728	0	0	0
HIP00734	0	0	0
HIP00761	0	0	2
HIP00769	0	0	0
HIP00771	0	0	1
HIP00773	0	1	0
HIP00775	1	0	0
HIP00777	0	0	0
HIP00779	0	0	0
HIP00813	0	0	0
HIP00819	1	0	0
HIP00822	0	1	0
HIP00825	2	0	0
HIP00826	0	1	0
HIP00832	1	0	0
HIP00838	0	0	2
HIP00851	1	1	0
HIP00869	0	0	0
HIP00898	1	1	0
HIP00904	0	0	0
HIP00924	0	1	0
HIP00926	0	0	0
HIP00934	1	0	0
HIP00951	0	1	0
HIP00971	0	0	2
HIP00985	1	0	0
HIP00997	0	0	0
HIP00999	1	0	0
HIP01004	0	0	0
HIP01022	2	0	0
HIP01055	0	1	1
HIP01091	0	0	0
HIP01129	0	2	0
HIP01140	0	0	0
HIP01160	0	0	0
HIP01161	0	0	0
HIP01162	0	0	0
HIP01180	1	0	0
HIP01181	1	0	0
HIP01197	1	0	0
HIP01206	0	1	0
HIP01218	0	1	1
HIP01219	0	0	0
HIP01220	0	0	0
HIP01223	0	0	0
HIP01232	0	0	0
HIP01253	0	0	0
HIP01255	0	1	0
HIP01264	0	0	0
HIP01266	2	0	0
HIP01298	0	1	0
HIP01313	0	1	0
HIP01359	0	0	0
HIP01384	0	1	1
HIP01391	0	0	1
HIP01392	0	0	1
HIP01393	0	0	0
HIP01465	0	2	0
HIP01470	0	0	0
HIP01499	0	2	0
HIP01501	0	0	0
HIP01571	0	0	0
HIP01582	0	0	1
HIP01596	0	0	0
HIP01597	0	0	0
HIP01765	0	0	0
HIP01795	0	0	0
HIP01797	0	1	0
HIP01798	1	0	0
HIP01805	0	0	0
HIP01820	0	1	0
HIP01856	0	0	0
HIP01865	0	0	1
HIP01867	0	0	1
HIP01870	0	1	0
HIP01947	0	0	0
HIP02078	1	1	0
HIP02090	1	0	0
HIP02103	1	0	1
HIP02112	0	0	0
HIP02126	0	1	0
HIP02663	0	1	1
HIP02734	1	0	0
HIP02737	0	0	0
HIP02780	0	1	0
HIP02790	0	2	0
HIP02805	0	0	1
HIP02811	0	1	0
HIP02848	0	0	0
HIP02855	0	0	0
HIP02873	0	1	0
HIP02875	1	0	0
HIP02877	1	0	1
HIP02928	1	0	1
HIP02947	0	1	0
HIP02962	0	0	1
HIP02997	0	0	1
HIP03004	1	0	0
HIP03099	0	1	0
HIP03107	1	0	0
HIP03111	0	0	1
HIP03125	0	0	0
HIP03184	0	0	0
HIP03197	0	0	0
HIP03216	0	1	0
HIP03228	0	1	0
HIP03233	0	1	0
HIP03236	0	1	1
HIP03275	1	0	0
HIP03370	0	0	0
HIP03378	1	0	0
HIP03381	0	1	0
HIP03383	0	0	0
HIP03385	0	0	0
HIP03484	1	0	0
HIP03494	0	1	0
HIP03495	0	0	0
HIP03502	0	2	0
HIP03505	0	0	0
HIP03511	0	1	0
HIP03591	0	1	0
HIP03592	0	0	0
HIP03597	0	0	0
HIP03628	1	0	0
HIP03630	2	0	0
HIP03651	0	1	0
HIP03677	0	1	1
HIP03678	0	1	0
HIP03685	0	1	0
HIP03693	0	0	1
HIP03695	0	1	0
HIP03720	1	0	0
HIP03732	0	1	0
HIP03746	1	0	1
HIP03807	0	1	0
HIP03812	0	0	1
HIP03814	0	0	0
HIP04464	2	0	0
HIP04471	0	1	0
HIP04480	0	0	0
HIP04498	0	1	0
HIP04510	0	1	0
HIP04511	0	1	0
HIP04527	0	0	0
HIP04532	0	1	0
HIP04552	1	0	0
HIP04555	0	1	0
HIP04576	0	1	0
HIP04578	0	1	0
HIP04597	0	0	1
HIP04605	1	0	0
HIP04611	1	0	0
HIP04634	0	1	0
HIP04958	0	0	0
HIP05311	0	0	0
HIP05331	1	1	0
HIP05377	0	0	1
HIP05388	0	0	0
HIP05390	1	0	0
HIP05398	0	0	0
HIP05405	0	2	0
HIP05409	0	0	0
HIP05434	0	0	0
HIP05437	2	0	0
HIP05444	0	1	0
HIP05455	0	1	1
HIP05460	0	0	0
HIP05467	0	0	1
HIP05524	0	1	0
HIP05540	0	1	0
HIP05551	0	0	0
HIP05552	1	1	0
HIP05559	0	0	0
HIP05561	1	0	0
HIP05563	0	0	1
HIP05574	0	1	0
HIP05578	0	1	0
HIP05590	0	1	0
HIP05595	1	1	0
HIP05665	0	0	0
HIP05757	0	0	0
HIP05763	1	1	0
HIP05815	0	0	0
HIP05817	0	1	0
HIP05832	0	0	0
HIP05838	0	0	0
HIP05841	0	0	0
HIP05934	0	1	0
HIP05941	0	0	0
HIP05942	1	0	0
HIP05948	0	0	0
HIP05960	1	0	0
HIP06191	0	1	0
HIP07754	0	1	0
HIP08076	0	1	0
HIP08200	0	1	0
HIP08223	1	0	0
HIP08230	0	1	1
HIP08236	0	1	0
HIP08337	1	0	0
HIP08339	0	0	0
HIP08345	1	0	0
HIP08346	0	0	0
HIP08389	0	0	0
HIP08399	0	1	0
HIP08400	0	0	0
HIP08439	0	0	0
HIP08499	0	0	0
HIP08507	0	1	0
HIP08521	0	1	0
HIP08596	0	0	0
HIP08598	0	0	1
HIP08653	0	0	0
HIP08702	0	0	0
HIP08710	1	0	0
HIP08711	0	2	0
HIP08725	1	0	0
HIP08792	0	0	2
HIP08805	2	0	0
HIP08816	1	1	0
HIP08821	0	1	1
HIP08827	0	0	1
HIP08888	1	0	0
HIP08890	0	0	0
HIP08972	0	0	0
HIP08986	0	0	0
HIP08989	1	0	0
HIP09001	0	0	0
HIP09020	1	0	0
HIP09026	1	0	0
HIP09029	0	1	0
HIP09046	2	0	0
HIP09051	0	0	1
HIP09062	1	0	0
HIP09097	0	0	0
HIP09118	0	1	0
HIP09119	0	0	0
HIP09122	2	0	0
HIP09150	0	0	1
HIP09159	0	1	0
HIP09190	1	0	1
HIP09253	0	0	0
HIP09284	0	0	0
HIP09344	0	1	1
HIP09364	0	0	0
HIP09365	1	0	0
HIP09366	0	0	1
HIP09430	2	0	0
HIP09559	1	0	1
HIP09624	0	1	0
HIP09681	1	0	0
HIP09775	2	0	0
HIP09789	1	0	0
HIP10358	1	0	0
HIP10376	0	1	0
HIP10377	0	0	0
HIP10389	0	0	0
HIP10408	1	1	0
HIP10424	0	1	0
HIP10443	0	0	1
HIP10445	0	1	0
HIP10447	0	1	0
HIP10480	0	0	0
HIP10507	0	1	0
HIP10514	1	0	0
HIP10545	0	0	1
HIP10564	1	1	0
HIP10568	0	0	0
HIP10597	0	0	0
HIP10602	0	0	0
HIP10639	0	0	0
HIP10669	0	1	0
HIP10694	1	1	0
HIP10716	0	0	0
HIP10726	0	0	0
HIP10730	1	0	0
HIP10746	1	1	0
HIP10759	0	0	0
HIP10787	0	0	1
HIP10814	0	0	0
HIP10815	1	0	0
HIP10817	0	0	0
HIP10820	0	1	0
HIP10821	1	0	0
HIP10823	0	1	0
HIP11058	0	1	0
HIP11513	1	1	0
HIP11518	1	0	1
HIP11553	2	0	0
HIP11613	0	2	0
HIP11649	0	2	0
HIP11711	0	2	0
HIP11717	1	0	0
HIP11758	1	0	0
HIP11774	1	0	1
HIP11784	0	0	0
HIP11845	0	0	0
HIP11857	0	0	0
HIP11937	1	0	0
HIP11989	1	1	0
HIP12034	0	2	0
HIP12088	0	1	0
HIP12091	0	0	0
HIP12097	1	0	1
HIP12099	1	0	0
HIP12123	0	0	1
HIP12129	0	1	0
HIP12527	1	0	1
HIP12533	0	1	0
HIP12534	1	0	0
HIP12538	1	1	0
HIP12703	1	0	0
HIP12743	0	0	0
HIP12900	0	0	2
HIP12980	0	1	0
HIP13015	0	0	0
HIP13122	0	0	0
HIP13142	0	1	0
HIP13157	2	0	0
HIP13168	1	0	0
HIP13176	1	0	0
HIP13178	0	0	0
HIP13183	0	0	0
HIP13193	1	0	1
HIP13206	0	1	0
HIP13209	0	0	0
HIP13214	0	0	1
HIP13217	0	1	0
HIP13220	1	1	0
HIP13227	0	0	1
HIP13228	0	0	0
HIP13230	0	0	0
HIP13233	0	0	0
HIP13244	0	1	0
HIP13245	0	0	0
HIP13251	0	1	0
HIP13252	0	0	0
HIP13256	0	0	0
HIP13263	0	0	1
HIP13265	0	0	0
HIP13274	2	0	0
HIP13276	0	0	0
HIP13291	0	0	0
HIP13294	1	0	0
HIP13296	0	0	0
HIP13303	1	0	0
HIP13306	1	0	0
HIP13309	1	0	1
HIP13318	0	0	0
HIP13319	0	0	0
HIP13324	1	0	0
HIP13325	0	0	0
HIP13350	0	1	1
HIP13352	0	1	0
HIP13355	0	0	0
HIP13360	1	0	0
HIP13361	1	1	0
HIP13363	0	0	0
HIP13376	0	0	2
HIP13383	0	1	0
HIP13396	0	0	0
HIP13402	0	1	0
HIP13414	0	1	0
HIP13449	0	0	0
HIP13463	0	0	1
HIP13465	0	0	0
HIP13478	1	0	0
HIP13489	1	1	0
HIP13497	1	1	0
HIP13505	0	0	1
HIP13511	1	0	0
HIP13513	0	1	0
HIP13515	0	1	1
HIP13518	1	0	0
HIP13554	0	0	0
HIP13567	0	0	0
HIP13592	0	0	2
HIP13610	0	1	0
HIP13625	1	1	0
HIP13627	1	1	0
HIP13654	0	0	0
HIP13661	0	0	0
HIP13663	1	0	1
HIP13667	0	1	1
HIP13671	0	0	1
HIP13686	1	0	1
HIP13695	0	0	1
HIP13699	0	0	0
HIP13703	1	0	1
HIP13709	0	0	0
HIP13710	2	0	0
HIP13720	1	0	0
HIP13722	0	1	0
HIP13736	0	0	0
HIP13741	0	0	0
HIP13746	0	1	0
HIP13749	0	0	1
HIP13751	1	0	0
HIP13753	0	0	0
HIP13754	1	0	0
HIP13757	0	1	0
HIP13760	1	1	0
HIP13764	0	1	0
HIP13766	0	1	0
HIP13769	0	0	0
HIP13771	0	1	0
HIP13773	0	2	0
HIP13774	0	1	0
HIP13777	0	0	0
HIP13780	0	0	1
HIP13782	0	2	0
HIP13789	0	0	0
HIP13793	0	1	0
HIP13794	0	0	0
HIP13796	0	1	0
HIP13800	1	0	0
HIP13803	0	0	1
HIP13806	0	0	0
HIP13809	0	0	1
HIP13810	0	0	0
HIP13812	0	0	0
HIP13814	0	0	0
HIP13818	0	1	0
HIP13822	0	0	0
HIP13823	0	0	0
HIP13831	0	0	0
HIP13833	0	0	0
HIP13847	1	0	0
HIP13848	0	0	0
HIP13852	1	0	0
HIP13853	2	0	0
HIP13854	0	0	0
HIP13856	0	0	0
HIP13857	0	0	0
HIP13859	1	0	0
HIP13860	1	0	0
HIP13865	0	1	0
HIP13869	1	0	0
HIP13871	0	0	0
HIP13875	0	0	0
HIP13877	0	0	0
HIP13880	0	1	0
HIP13887	1	0	0
HIP13893	0	1	0
HIP13894	0	0	0
HIP13900	0	0	2
HIP13902	1	0	0
HIP13903	0	0	1
HIP13911	1	0	0
HIP13916	0	1	0
HIP13919	1	0	1
HIP13920	1	0	0
HIP13923	2	0	0
HIP13926	0	0	1
HIP13928	1	0	1
HIP13929	0	0	1
HIP13932	0	0	1
HIP13933	2	0	0
HIP13935	0	1	0
HIP13938	0	0	1
HIP13939	1	0	0
HIP13941	0	0	0
HIP13944	0	0	0
HIP13945	0	0	0
HIP13947	1	0	1
HIP13949	2	0	0
HIP13951	1	0	0
HIP13954	1	0	0
HIP13956	1	0	0
HIP13958	0	1	1
HIP13961	0	0	0
HIP13962	0	1	0
HIP13964	1	0	0
HIP13966	1	0	0
HIP13967	0	0	0
HIP13972	1	0	0
HIP13975	0	0	0
HIP13976	0	1	0
HIP13978	0	0	0
HIP13981	0	0	0
HIP13983	0	1	0
HIP13986	0	0	0
HIP13987	1	0	0
HIP13988	0	0	1
HIP13989	0	0	1
HIP13992	2	0	0
HIP13994	0	0	0
HIP13996	0	0	0
HIP14000	2	0	0
HIP14004	2	0	0
HIP14007	1	0	0
HIP14009	1	1	0
HIP14014	0	0	1
HIP14015	0	0	0
HIP14016	0	0	2
HIP14018	0	2	0
HIP14020	0	0	0
HIP14022	1	0	1
HIP14024	1	0	0
HIP14028	1	1	0
HIP14030	0	1	0
HIP14034	1	0	0
HIP14036	0	0	0
HIP14037	0	1	0
HIP14039	0	0	0
HIP14041	0	1	0
HIP14043	0	0	0
HIP14045	1	0	0
HIP14048	0	0	0
HIP14051	1	0	0
HIP14053	0	0	0
HIP14055	1	1	0
HIP14059	0	1	0
HIP14060	0	1	0
HIP14064	0	0	0
HIP14066	0	0	0
HIP14071	1	0	0
HIP14072	1	0	0
HIP14074	1	0	1
HIP14077	0	0	1
HIP14079	1	0	0
HIP14080	0	0	0
HIP14089	0	1	0
HIP14090	0	0	0
HIP14092	0	0	0
HIP14095	1	0	0
HIP14096	0	0	0
HIP14103	0	0	0
HIP14106	1	0	0
HIP14107	1	1	0
HIP14110	0	0	0
HIP14114	0	0	0
HIP14118	0	0	0
HIP14121	1	0	1
HIP14124	0	0	0
HIP14127	0	0	0
HIP14129	1	0	0
HIP14130	0	0	0
HIP14134	1	0	0
HIP14136	0	0	0
HIP14138	1	0	0
HIP14140	1	0	0
HIP14142	0	1	0
HIP14143	0	0	0
HIP14148	0	0	0
HIP14152	0	0	0
HIP14153	1	1	0
HIP14156	0	1	0
HIP14157	0	0	0
HIP14160	0	2	0
HIP14161	2	0	0
HIP14170	0	1	0
HIP14172	1	0	0
HIP14174	0	0	0
HIP14175	1	0	0
HIP14176	0	0	0
HIP14178	0	0	0
HIP14181	0	0	0
HIP14183	0	0	0
HIP14184	0	0	0
HIP14187	0	0	0
HIP14192	0	0	1
HIP14194	0	0	0
HIP14196	0	0	0
HIP14202	0	0	0
HIP14205	1	0	0
HIP14206	1	0	0
HIP14209	2	0	0
HIP14211	0	0	1
HIP14213	0	0	1
HIP14214	0	1	0
HIP14217	0	1	0
HIP14218	1	0	0
HIP14221	1	0	0
HIP14223	0	0	1
HIP14226	1	1	0
HIP14227	0	1	0
HIP14230	0	0	1
HIP14231	0	1	0
HIP14234	0	0	1
HIP14236	0	1	0
HIP14237	0	0	0
HIP14238	0	2	0
HIP14240	0	0	0
HIP14241	0	2	0
HIP14243	0	0	1
HIP14244	0	0	0
HIP14361	0	0	0
HIP14363	1	0	0
HIP14494	0	0	0
HIP14844	0	1	0
HIP14911	1	0	0
HIP15685	0	1	0
HIP15855	0	0	0
HIP15860	1	0	0
HIP15861	1	0	1
HIP16515	0	0	0
HIP16738	1	0	0
HIP16867	0	2	0
HIP17370	1	1	0
HIP17440	0	0	0
HIP17445	2	0	0
HIP17449	0	0	0
HIP17454	0	0	0
HIP17457	1	0	0
HIP17534	0	0	0
HIP17577	1	0	0
HIP17585	0	1	1
HIP17698	0	0	0
HIP17723	0	0	0
HIP17737	0	0	1
HIP17760	2	0	0
HIP17793	1	0	0
HIP17837	0	2	0
HIP17845	0	0	0
HIP17887	0	0	1
HIP19048	0	0	0
HIP19089	0	0	0
HIP19716	0	0	0
HIP19717	0	0	0
