Sample	dose1	dose2	dose3
HIP00110	1	0	0
HIP00169	1	0	0
HIP00594	1	1	0
HIP00602	1	0	0
HIP00614	0	0	0
HIP00640	1	0	0
HIP00707	1	0	0
HIP00710	1	0	0
HIP00715	0	2	0
HIP00728	2	0	0
HIP00734	2	0	0
HIP00761	0	0	0
HIP00769	0	1	0
HIP00771	1	0	0
HIP00773	1	0	0
HIP00775	0	1	0
HIP00777	1	0	0
HIP00779	0	0	0
HIP00813	2	0	0
HIP00819	1	0	0
HIP00822	0	0	1
HIP00825	0	1	0
HIP00826	2	0	0
HIP00832	0	0	0
HIP00838	0	1	0
HIP00851	1	1	0
HIP00869	0	0	0
HIP00898	1	0	1
HIP00904	2	0	0
HIP00924	2	0	0
HIP00926	1	0	0
HIP00934	0	0	0
HIP00951	1	0	0
HIP00971	0	0	0
HIP00985	1	1	0
HIP00997	1	0	0
HIP00999	1	1	0
HIP01004	0	0	0
HIP01022	1	1	0
HIP01055	1	0	0
HIP01091	2	0	0
HIP01129	1	0	1
HIP01140	1	0	0
HIP01160	1	0	0
HIP01161	2	0	0
HIP01162	0	0	0
HIP01180	1	1	0
HIP01181	0	1	0
HIP01197	0	1	0
HIP01206	1	0	0
HIP01218	1	0	0
HIP01219	2	0	0
HIP01220	1	1	0
HIP01223	2	0	0
HIP01232	1	0	0
HIP01253	0	0	0
HIP01255	2	0	0
HIP01264	1	0	0
HIP01266	0	0	0
HIP01298	1	0	1
HIP01313	1	0	0
HIP01359	2	0	0
HIP01384	0	0	1
HIP01391	1	1	0
HIP01392	1	0	0
HIP01393	1	0	0
HIP01465	2	0	0
HIP01470	0	0	0
HIP01499	1	0	1
HIP01501	0	1	0
HIP01571	1	0	0
HIP01582	1	1	0
HIP01596	0	0	0
HIP01597	2	0	0
HIP01765	2	0	0
HIP01795	1	0	0
HIP01797	0	0	1
HIP01798	1	1	0
HIP01805	0	0	0
HIP01820	0	0	1
HIP01856	2	0	0
HIP01865	1	0	0
HIP01867	1	0	0
HIP01870	1	0	0
HIP01947	1	0	0
HIP02078	0	0	1
HIP02090	1	1	0
HIP02103	0	1	0
HIP02112	2	0	0
HIP02126	2	0	0
HIP02663	1	0	0
HIP02734	0	1	0
HIP02737	1	0	0
HIP02780	1	0	0
HIP02790	2	0	0
HIP02805	0	1	0
HIP02811	1	0	0
HIP02848	0	0	0
HIP02855	2	0	0
HIP02873	2	0	0
HIP02875	0	0	0
HIP02877	0	2	0
HIP02928	1	1	0
HIP02947	2	0	0
HIP02962	0	0	0
HIP02997	0	0	0
HIP03004	0	1	0
HIP03099	2	0	0
HIP03107	0	0	0
HIP03111	0	0	0
HIP03125	2	0	0
HIP03184	1	0	0
HIP03197	1	0	0
HIP03216	1	0	0
HIP03228	1	0	0
HIP03233	2	0	0
HIP03236	1	1	0
HIP03275	0	0	0
HIP03370	1	0	0
HIP03378	1	0	0
HIP03381	2	0	0
HIP03383	1	1	0
HIP03385	1	0	0
HIP03484	2	0	0
HIP03494	1	0	0
HIP03495	2	0	0
HIP03502	1	0	1
HIP03505	2	0	0
HIP03511	2	0	0
HIP03591	1	0	0
HIP03592	1	1	0
HIP03597	1	0	0
HIP03628	1	0	0
HIP03630	1	0	0
HIP03651	1	0	0
HIP03677	1	1	0
HIP03678	1	0	0
HIP03685	2	0	0
HIP03693	0	1	0
HIP03695	2	0	0
HIP03720	1	1	0
HIP03732	2	0	0
HIP03746	1	1	0
HIP03807	1	0	0
HIP03812	0	0	0
HIP03814	0	0	0
HIP04464	0	1	0
HIP04471	0	0	1
HIP04480	1	0	0
HIP04498	1	0	0
HIP04510	0	0	1
HIP04511	2	0	0
HIP04527	1	0	0
HIP04532	2	0	0
HIP04552	0	0	0
HIP04555	2	0	0
HIP04576	1	0	1
HIP04578	1	0	0
HIP04597	1	0	0
HIP04605	0	1	0
HIP04611	0	0	0
HIP04634	1	0	0
HIP04958	2	0	0
HIP05311	0	0	0
HIP05331	1	0	0
HIP05377	0	1	0
HIP05388	0	0	0
HIP05390	1	1	0
HIP05398	0	0	0
HIP05405	1	0	1
HIP05409	0	0	0
HIP05434	0	0	0
HIP05437	0	1	0
HIP05444	1	0	0
HIP05455	1	1	0
HIP05460	0	0	0
HIP05467	1	0	0
HIP05524	0	0	1
HIP05540	1	0	0
HIP05551	1	0	0
HIP05552	1	0	0
HIP05559	1	0	0
HIP05561	0	1	0
HIP05563	1	1	0
HIP05574	2	0	0
HIP05578	0	0	1
HIP05590	2	0	0
HIP05595	1	0	0
HIP05665	1	0	0
HIP05757	0	0	0
HIP05763	1	1	0
HIP05815	1	0	0
HIP05817	2	0	0
HIP05832	0	0	0
HIP05838	1	0	0
HIP05841	1	0	0
HIP05934	1	1	0
HIP05941	1	0	0
HIP05942	0	0	0
HIP05948	2	0	0
HIP05960	1	0	0
HIP06191	1	0	0
HIP07754	1	0	0
HIP08076	1	1	0
HIP08200	1	1	0
HIP08223	0	1	0
HIP08230	1	0	0
HIP08236	2	0	0
HIP08337	0	0	0
HIP08339	0	0	0
HIP08345	0	1	0
HIP08346	1	0	0
HIP08389	1	0	0
HIP08399	1	0	0
HIP08400	2	0	0
HIP08439	1	0	0
HIP08499	0	0	0
HIP08507	0	0	1
HIP08521	1	0	0
HIP08596	0	0	0
HIP08598	0	1	0
HIP08653	1	0	0
HIP08702	0	0	0
HIP08710	1	1	0
HIP08711	2	0	0
HIP08725	0	0	0
HIP08792	0	1	0
HIP08805	0	0	0
HIP08816	2	0	0
HIP08821	0	0	1
HIP08827	0	2	0
HIP08888	0	0	0
HIP08890	0	0	0
HIP08972	1	0	0
HIP08986	1	0	0
HIP08989	0	1	0
HIP09001	2	0	0
HIP09020	1	0	0
HIP09026	1	0	0
HIP09029	2	0	0
HIP09046	0	1	0
HIP09051	0	1	0
HIP09062	0	0	0
HIP09097	0	0	0
HIP09118	1	0	0
HIP09119	1	0	0
HIP09122	0	0	0
HIP09150	1	0	0
HIP09159	1	1	0
HIP09190	0	1	0
HIP09253	1	0	0
HIP09284	0	0	0
HIP09344	1	1	0
HIP09364	1	1	0
HIP09365	2	0	0
HIP09366	0	0	0
HIP09430	1	1	0
HIP09559	0	1	0
HIP09624	1	0	0
HIP09681	0	0	0
HIP09775	0	0	0
HIP09789	0	0	0
HIP10358	1	0	0
HIP10376	1	0	0
HIP10377	0	0	0
HIP10389	1	0	0
HIP10408	1	0	0
HIP10424	2	0	0
HIP10443	0	0	0
HIP10445	2	0	0
HIP10447	1	0	1
HIP10480	0	0	0
HIP10507	1	0	0
HIP10514	1	0	0
HIP10545	1	1	0
HIP10564	1	1	0
HIP10568	1	0	0
HIP10597	1	0	0
HIP10602	1	0	0
HIP10639	1	0	0
HIP10669	0	0	1
HIP10694	1	1	0
HIP10716	1	0	0
HIP10726	1	0	0
HIP10730	1	0	0
HIP10746	1	1	0
HIP10759	1	1	0
HIP10787	0	1	0
HIP10814	0	1	0
HIP10815	1	0	0
HIP10817	1	0	0
HIP10820	2	0	0
HIP10821	1	1	0
HIP10823	2	0	0
HIP11058	2	0	0
HIP11513	1	1	0
HIP11518	0	2	0
HIP11553	0	2	0
HIP11613	2	0	0
HIP11649	2	0	0
HIP11711	2	0	0
HIP11717	2	0	0
HIP11758	1	1	0
HIP11774	0	2	0
HIP11784	0	0	0
HIP11845	0	0	0
HIP11857	1	0	0
HIP11937	1	0	0
HIP11989	1	0	0
HIP12034	2	0	0
HIP12088	0	0	1
HIP12091	1	0	0
HIP12097	1	0	0
HIP12099	1	0	0
HIP12123	1	1	0
HIP12129	1	0	0
HIP12527	0	1	0
HIP12533	2	0	0
HIP12534	1	1	0
HIP12538	1	1	0
HIP12703	1	0	0
HIP12743	1	0	0
HIP12900	0	2	0
HIP12980	1	0	0
HIP13015	1	0	0
HIP13122	1	0	0
HIP13142	2	0	0
HIP13157	1	0	0
HIP13168	1	1	0
HIP13176	0	1	0
HIP13178	0	0	0
HIP13183	1	0	0
HIP13193	1	0	0
HIP13206	1	0	1
HIP13209	0	0	0
HIP13214	0	0	0
HIP13217	1	0	1
HIP13220	0	1	1
HIP13227	0	1	0
HIP13228	1	0	0
HIP13230	1	0	0
HIP13233	1	0	0
HIP13244	1	0	0
HIP13245	0	0	0
HIP13251	1	0	0
HIP13252	1	0	0
HIP13256	0	0	0
HIP13263	0	1	0
HIP13265	1	0	0
HIP13274	0	0	0
HIP13276	1	0	0
HIP13291	2	0	0
HIP13294	1	0	0
HIP13296	1	1	0
HIP13303	0	1	0
HIP13306	2	0	0
HIP13309	0	2	0
HIP13318	0	0	0
HIP13319	1	0	0
HIP13324	0	0	0
HIP13325	1	0	0
HIP13350	1	0	0
HIP13352	1	1	0
HIP13355	1	0	0
HIP13360	2	0	0
HIP13361	1	0	0
HIP13363	0	1	0
HIP13376	0	0	0
HIP13383	1	0	0
HIP13396	1	0	0
HIP13402	0	0	1
HIP13414	1	0	0
HIP13449	1	1	0
HIP13463	0	1	0
HIP13465	2	0	0
HIP13478	1	1	0
HIP13489	1	1	0
HIP13497	1	0	0
HIP13505	1	0	0
HIP13511	0	0	0
HIP13513	2	0	0
HIP13515	0	1	1
HIP13518	1	0	0
HIP13554	0	0	0
HIP13567	1	0	0
HIP13592	0	1	0
HIP13610	1	0	0
HIP13625	0	0	1
HIP13627	1	1	0
HIP13654	2	0	0
HIP13661	1	0	0
HIP13663	0	2	0
HIP13667	1	1	0
HIP13671	0	1	0
HIP13686	0	0	0
HIP13695	0	0	0
HIP13699	2	0	0
HIP13703	0	0	0
HIP13709	1	0	0
HIP13710	1	1	0
HIP13720	0	0	0
HIP13722	1	0	1
HIP13736	2	0	0
HIP13741	2	0	0
HIP13746	1	0	0
HIP13749	0	1	0
HIP13751	2	0	0
HIP13753	1	1	0
HIP13754	0	1	0
HIP13757	2	0	0
HIP13760	1	0	0
HIP13764	1	0	0
HIP13766	1	0	0
HIP13769	0	0	0
HIP13771	2	0	0
HIP13773	1	0	1
HIP13774	2	0	0
HIP13777	1	0	0
HIP13780	1	0	0
HIP13782	2	0	0
HIP13789	1	0	0
HIP13793	2	0	0
HIP13794	0	1	0
HIP13796	2	0	0
HIP13800	1	0	0
HIP13803	1	1	0
HIP13806	1	0	0
HIP13809	1	0	0
HIP13810	0	0	0
HIP13812	0	0	0
HIP13814	0	0	0
HIP13818	1	0	0
HIP13822	0	0	0
HIP13823	0	0	0
HIP13831	0	0	0
HIP13833	0	1	0
HIP13847	1	0	0
HIP13848	2	0	0
HIP13852	0	1	0
HIP13853	0	1	0
HIP13854	0	0	0
HIP13856	0	1	0
HIP13857	2	0	0
HIP13859	0	1	0
HIP13860	0	0	0
HIP13865	1	0	0
HIP13869	0	0	0
HIP13871	1	1	0
HIP13875	0	0	0
HIP13877	0	2	0
HIP13880	0	0	1
HIP13887	1	1	0
HIP13893	1	1	0
HIP13894	1	0	0
HIP13900	0	2	0
HIP13902	0	1	0
HIP13903	1	0	0
HIP13911	1	0	0
HIP13916	1	0	1
HIP13919	0	0	0
HIP13920	1	0	0
HIP13923	0	2	0
HIP13926	0	1	0
HIP13928	1	1	0
HIP13929	0	1	0
HIP13932	1	1	0
HIP13933	0	1	0
HIP13935	2	0	0
HIP13938	1	0	0
HIP13939	1	0	0
HIP13941	1	0	0
HIP13944	0	0	0
HIP13945	1	0	0
HIP13947	0	1	0
HIP13949	1	0	0
HIP13951	0	0	0
HIP13954	0	1	0
HIP13956	1	0	0
HIP13958	1	1	0
HIP13961	1	0	0
HIP13962	1	0	0
HIP13964	1	0	0
HIP13966	0	1	0
HIP13967	1	0	0
HIP13972	2	0	0
HIP13975	0	0	0
HIP13976	1	0	0
HIP13978	0	0	0
HIP13981	1	0	0
HIP13983	1	0	0
HIP13986	1	0	0
HIP13987	1	1	0
HIP13988	1	0	0
HIP13989	0	0	0
HIP13992	0	0	0
HIP13994	2	0	0
HIP13996	0	0	0
HIP14000	1	0	0
HIP14004	0	1	0
HIP14007	1	0	0
HIP14009	1	1	0
HIP14014	1	0	0
HIP14015	1	0	0
HIP14016	0	2	0
HIP14018	2	0	0
HIP14020	1	0	0
HIP14022	0	1	0
HIP14024	0	0	0
HIP14028	1	1	0
HIP14030	1	0	0
HIP14034	0	0	0
HIP14036	0	0	0
HIP14037	1	1	0
HIP14039	1	0	0
HIP14041	2	0	0
HIP14043	2	0	0
HIP14045	1	0	0
HIP14048	0	0	0
HIP14051	1	0	0
HIP14053	1	0	0
HIP14055	1	0	0
HIP14059	1	0	0
HIP14060	1	0	0
HIP14064	0	0	0
HIP14066	0	0	0
HIP14071	0	0	0
HIP14072	1	1	0
HIP14074	0	0	0
HIP14077	0	1	0
HIP14079	1	1	0
HIP14080	2	0	0
HIP14089	1	0	0
HIP14090	2	0	0
HIP14092	2	0	0
HIP14095	2	0	0
HIP14096	2	0	0
HIP14103	0	0	0
HIP14106	1	0	0
HIP14107	0	0	1
HIP14110	1	0	0
HIP14114	1	0	0
HIP14118	1	1	0
HIP14121	0	1	0
HIP14124	0	0	0
HIP14127	0	0	0
HIP14129	1	1	0
HIP14130	1	0	0
HIP14134	1	1	0
HIP14136	0	0	0
HIP14138	0	1	0
HIP14140	0	1	0
HIP14142	1	1	0
HIP14143	0	1	0
HIP14148	1	1	0
HIP14152	2	0	0
HIP14153	1	0	0
HIP14156	2	0	0
HIP14157	2	0	0
HIP14160	2	0	0
HIP14161	1	0	0
HIP14170	1	1	0
HIP14172	1	1	0
HIP14174	1	0	0
HIP14175	0	0	0
HIP14176	0	0	0
HIP14178	0	0	0
HIP14181	2	0	0
HIP14183	0	0	0
HIP14184	1	1	0
HIP14187	1	0	0
HIP14192	1	1	0
HIP14194	1	0	0
HIP14196	0	0	0
HIP14202	1	0	0
HIP14205	0	2	0
HIP14206	0	0	0
HIP14209	0	1	0
HIP14211	0	1	0
HIP14213	1	1	0
HIP14214	1	0	0
HIP14217	1	0	0
HIP14218	0	1	0
HIP14221	1	0	0
HIP14223	1	1	0
HIP14226	1	1	0
HIP14227	2	0	0
HIP14230	0	1	0
HIP14231	1	0	0
HIP14234	0	0	0
HIP14236	1	0	0
HIP14237	2	0	0
HIP14238	2	0	0
HIP14240	0	0	0
HIP14241	2	0	0
HIP14243	1	1	0
HIP14244	1	1	0
HIP14361	2	0	0
HIP14363	1	0	0
HIP14494	0	0	0
HIP14844	1	0	0
HIP14911	0	1	0
HIP15685	1	1	0
HIP15855	1	0	0
HIP15860	1	0	0
HIP15861	0	1	0
HIP16515	1	0	0
HIP16738	0	1	0
HIP16867	2	0	0
HIP17370	1	1	0
HIP17440	1	0	0
HIP17445	0	1	0
HIP17449	1	0	0
HIP17454	0	0	0
HIP17457	0	0	0
HIP17534	1	0	0
HIP17577	1	0	0
HIP17585	1	0	0
HIP17698	1	0	0
HIP17723	2	0	0
HIP17737	0	1	0
HIP17760	2	0	0
HIP17793	2	0	0
HIP17837	1	0	1
HIP17845	1	0	0
HIP17887	1	0	0
HIP19048	1	0	0
HIP19089	0	0	0
HIP19716	0	0	0
HIP19717	0	0	0
