Sample	dose1	dose2	dose3	dose4
HIP00110	0	0	0	0
HIP00169	0	1	1	0
HIP00594	0	0	0	0
HIP00602	0	0	1	0
HIP00614	0	0	0	0
HIP00640	0	2	0	0
HIP00707	1	1	0	0
HIP00710	0	1	0	0
HIP00715	0	0	1	0
HIP00728	0	1	0	0
HIP00734	0	1	0	0
HIP00761	1	1	0	0
HIP00769	0	1	0	0
HIP00771	0	1	0	0
HIP00773	0	0	0	0
HIP00775	1	0	0	0
HIP00777	0	1	0	0
HIP00779	0	0	0	0
HIP00813	0	0	0	0
HIP00819	0	2	0	0
HIP00822	1	0	0	0
HIP00825	1	1	0	0
HIP00826	1	0	0	1
HIP00832	0	0	0	0
HIP00838	0	1	1	0
HIP00851	0	1	0	0
HIP00869	1	0	1	0
HIP00898	2	0	0	0
HIP00904	0	1	0	0
HIP00924	0	0	0	0
HIP00926	1	0	0	0
HIP00934	1	0	0	0
HIP00951	1	0	1	0
HIP00971	0	1	1	0
HIP00985	0	1	1	0
HIP00997	1	0	0	0
HIP00999	0	1	1	0
HIP01004	0	1	0	0
HIP01022	0	0	1	0
HIP01055	0	2	0	0
HIP01091	0	2	0	0
HIP01129	0	0	0	1
HIP01140	0	0	1	0
HIP01160	1	0	0	0
HIP01161	0	1	0	0
HIP01162	0	0	0	0
HIP01180	2	0	0	0
HIP01181	0	0	0	0
HIP01197	0	0	1	0
HIP01206	0	0	1	0
HIP01218	1	0	0	0
HIP01219	0	0	0	1
HIP01220	0	1	0	0
HIP01223	0	1	1	0
HIP01232	1	0	1	0
HIP01253	0	0	0	0
HIP01255	0	0	1	0
HIP01264	1	0	0	0
HIP01266	1	0	0	1
HIP01298	1	0	0	1
HIP01313	0	0	0	0
HIP01359	0	2	0	0
HIP01384	0	0	0	2
HIP01391	0	1	1	0
HIP01392	1	1	0	0
HIP01393	0	0	0	0
HIP01465	0	1	0	1
HIP01470	0	0	0	0
HIP01499	0	0	0	0
HIP01501	0	0	0	0
HIP01571	0	1	0	0
HIP01582	0	1	0	0
HIP01596	1	0	0	0
HIP01597	1	1	0	0
HIP01765	0	1	0	0
HIP01795	0	1	1	0
HIP01797	1	0	0	0
HIP01798	0	0	0	1
HIP01805	1	0	0	1
HIP01820	0	1	0	1
HIP01856	0	2	0	0
HIP01865	0	0	1	1
HIP01867	0	0	0	1
HIP01870	0	0	1	0
HIP01947	0	1	0	0
HIP02078	2	0	0	0
HIP02090	1	0	1	0
HIP02103	0	0	0	0
HIP02112	1	0	0	0
HIP02126	1	0	0	1
HIP02663	0	1	0	0
HIP02734	1	0	0	1
HIP02737	1	0	1	0
HIP02780	2	0	0	0
HIP02790	2	0	0	0
HIP02805	1	0	1	0
HIP02811	0	0	0	0
HIP02848	0	0	0	0
HIP02855	0	0	0	0
HIP02873	0	1	0	0
HIP02875	0	0	0	1
HIP02877	1	0	1	0
HIP02928	0	0	1	1
HIP02947	0	0	1	0
HIP02962	1	0	0	1
HIP02997	1	0	0	0
HIP03004	0	1	0	0
HIP03099	1	1	0	0
HIP03107	2	0	0	0
HIP03111	0	0	0	0
HIP03125	0	0	1	0
HIP03184	0	1	0	0
HIP03197	1	0	0	0
HIP03216	0	0	0	0
HIP03228	1	0	0	0
HIP03233	1	0	0	0
HIP03236	1	0	0	0
HIP03275	0	0	0	1
HIP03370	0	0	0	0
HIP03378	0	0	1	0
HIP03381	0	1	0	0
HIP03383	0	1	0	0
HIP03385	0	1	0	0
HIP03484	1	0	0	0
HIP03494	1	0	1	0
HIP03495	2	0	0	0
HIP03502	1	0	1	0
HIP03505	0	0	0	0
HIP03511	0	1	0	0
HIP03591	1	0	0	0
HIP03592	0	0	1	0
HIP03597	0	0	0	0
HIP03628	0	0	1	0
HIP03630	0	1	0	0
HIP03651	0	0	0	0
HIP03677	1	1	0	0
HIP03678	1	0	0	0
HIP03685	0	0	1	0
HIP03693	0	0	0	0
HIP03695	1	0	0	0
HIP03720	0	0	0	0
HIP03732	0	1	0	1
HIP03746	0	0	2	0
HIP03807	0	0	0	0
HIP03812	0	1	0	0
HIP03814	0	0	0	0
HIP04464	0	0	1	0
HIP04471	1	0	0	1
HIP04480	0	1	0	0
HIP04498	0	0	1	0
HIP04510	0	0	1	0
HIP04511	1	1	0	0
HIP04527	1	0	0	0
HIP04532	0	0	0	0
HIP04552	2	0	0	0
HIP04555	1	1	0	0
HIP04576	1	0	0	0
HIP04578	0	0	0	0
HIP04597	0	0	0	0
HIP04605	0	0	0	1
HIP04611	0	0	2	0
HIP04634	0	0	1	0
HIP04958	0	0	0	0
HIP05311	2	0	0	0
HIP05331	1	1	0	0
HIP05377	0	0	0	1
HIP05388	0	0	0	1
HIP05390	1	0	0	0
HIP05398	0	0	0	0
HIP05405	2	0	0	0
HIP05409	2	0	0	0
HIP05434	2	0	0	0
HIP05437	2	0	0	0
HIP05444	0	1	0	0
HIP05455	0	0	2	0
HIP05460	1	0	0	1
HIP05467	0	2	0	0
HIP05524	0	0	0	1
HIP05540	0	0	0	0
HIP05551	0	1	0	0
HIP05552	0	1	0	0
HIP05559	0	0	0	0
HIP05561	0	0	0	0
HIP05563	1	0	0	0
HIP05574	0	0	0	0
HIP05578	0	0	1	0
HIP05590	0	1	0	0
HIP05595	0	0	0	1
HIP05665	1	0	0	0
HIP05757	0	0	1	0
HIP05763	0	0	0	0
HIP05815	0	0	0	0
HIP05817	0	1	1	0
HIP05832	0	0	0	0
HIP05838	0	1	0	0
HIP05841	0	2	0	0
HIP05934	0	0	1	0
HIP05941	0	0	0	0
HIP05942	0	0	0	0
HIP05948	0	0	0	0
HIP05960	0	0	0	0
HIP06191	1	0	0	0
HIP07754	1	0	0	0
HIP08076	1	0	0	1
HIP08200	0	0	0	0
HIP08223	1	0	1	0
HIP08230	1	1	0	0
HIP08236	0	0	0	0
HIP08337	0	0	0	2
HIP08339	0	0	0	0
HIP08345	0	0	1	0
HIP08346	0	0	0	0
HIP08389	0	0	1	0
HIP08399	0	0	0	1
HIP08400	1	1	0	0
HIP08439	0	0	0	0
HIP08499	0	2	0	0
HIP08507	1	1	0	0
HIP08521	0	0	1	0
HIP08596	1	0	0	0
HIP08598	0	0	0	0
HIP08653	0	0	0	0
HIP08702	0	0	0	0
HIP08710	0	1	1	0
HIP08711	0	0	0	0
HIP08725	0	0	0	0
HIP08792	0	1	0	0
HIP08805	0	0	1	0
HIP08816	0	1	0	0
HIP08821	1	0	0	1
HIP08827	2	0	0	0
HIP08888	0	0	0	0
HIP08890	1	0	0	0
HIP08972	0	0	0	1
HIP08986	1	0	0	0
HIP08989	0	1	0	0
HIP09001	0	1	0	0
HIP09020	0	0	0	0
HIP09026	1	0	0	0
HIP09029	0	1	0	0
HIP09046	1	0	1	0
HIP09051	0	0	0	0
HIP09062	1	1	0	0
HIP09097	2	0	0	0
HIP09118	1	0	0	0
HIP09119	0	0	1	0
HIP09122	0	0	0	0
HIP09150	0	1	0	0
HIP09159	1	1	0	0
HIP09190	0	0	0	0
HIP09253	1	0	0	0
HIP09284	0	0	0	0
HIP09344	0	0	0	0
HIP09364	2	0	0	0
HIP09365	2	0	0	0
HIP09366	0	1	0	0
HIP09430	0	0	0	0
HIP09559	2	0	0	0
HIP09624	2	0	0	0
HIP09681	2	0	0	0
HIP09775	0	0	2	0
HIP09789	0	0	2	0
HIP10358	0	0	0	1
HIP10376	1	1	0	0
HIP10377	1	0	0	0
HIP10389	0	0	1	0
HIP10408	2	0	0	0
HIP10424	1	0	0	0
HIP10443	0	1	0	0
HIP10445	0	1	0	0
HIP10447	0	0	0	1
HIP10480	0	0	0	2
HIP10507	0	0	0	0
HIP10514	0	0	0	0
HIP10545	2	0	0	0
HIP10564	0	0	1	0
HIP10568	0	0	0	1
HIP10597	0	0	0	0
HIP10602	2	0	0	0
HIP10639	1	1	0	0
HIP10669	0	0	0	1
HIP10694	1	0	0	0
HIP10716	1	0	0	0
HIP10726	0	1	0	0
HIP10730	0	0	0	0
HIP10746	0	1	0	0
HIP10759	1	0	1	0
HIP10787	0	0	0	1
HIP10814	0	0	1	0
HIP10815	1	0	1	0
HIP10817	1	0	0	0
HIP10820	1	0	1	0
HIP10821	0	0	0	2
HIP10823	0	2	0	0
HIP11058	0	1	0	0
HIP11513	0	0	0	0
HIP11518	0	0	2	0
HIP11553	0	0	2	0
HIP11613	0	0	1	0
HIP11649	0	0	2	0
HIP11711	0	0	0	0
HIP11717	0	0	0	0
HIP11758	0	0	0	0
HIP11774	1	0	0	0
HIP11784	0	0	2	0
HIP11845	0	0	0	0
HIP11857	0	0	0	0
HIP11937	0	0	0	0
HIP11989	0	1	0	0
HIP12034	0	0	0	0
HIP12088	2	0	0	0
HIP12091	0	0	1	0
HIP12097	0	1	1	0
HIP12099	0	1	0	0
HIP12123	0	1	1	0
HIP12129	0	0	1	0
HIP12527	0	1	1	0
HIP12533	0	0	0	0
HIP12534	0	1	0	0
HIP12538	0	0	1	0
HIP12703	2	0	0	0
HIP12743	0	0	0	0
HIP12900	1	0	0	0
HIP12980	1	0	0	0
HIP13015	1	0	0	0
HIP13122	0	1	0	0
HIP13142	0	2	0	0
HIP13157	0	1	0	0
HIP13168	0	1	0	0
HIP13176	1	0	0	0
HIP13178	0	0	2	0
HIP13183	0	1	1	0
HIP13193	0	0	1	1
HIP13206	0	0	0	1
HIP13209	0	0	0	0
HIP13214	0	1	0	0
HIP13217	0	1	0	1
HIP13220	0	0	0	1
HIP13227	0	0	1	1
HIP13228	0	0	0	0
HIP13230	0	1	0	0
HIP13233	0	0	0	0
HIP13244	0	1	0	0
HIP13245	1	0	0	0
HIP13251	0	0	0	1
HIP13252	1	0	0	0
HIP13256	1	0	0	0
HIP13263	0	1	0	0
HIP13265	0	1	0	0
HIP13274	0	0	1	0
HIP13276	0	0	0	0
HIP13291	1	1	0	0
HIP13294	0	1	0	0
HIP13296	0	1	0	1
HIP13303	0	0	1	0
HIP13306	0	0	1	1
HIP13309	1	0	0	0
HIP13318	0	0	2	0
HIP13319	1	0	1	0
HIP13324	1	0	0	0
HIP13325	1	0	0	0
HIP13350	0	0	1	0
HIP13352	2	0	0	0
HIP13355	2	0	0	0
HIP13360	0	1	0	1
HIP13361	0	0	0	1
HIP13363	1	0	0	0
HIP13376	0	1	1	0
HIP13383	1	1	0	0
HIP13396	2	0	0	0
HIP13402	0	0	0	1
HIP13414	1	0	1	0
HIP13449	0	0	1	0
HIP13463	1	0	0	0
HIP13465	1	1	0	0
HIP13478	0	1	1	0
HIP13489	1	0	0	0
HIP13497	1	0	1	0
HIP13505	0	2	0	0
HIP13511	1	0	0	0
HIP13513	0	0	0	0
HIP13515	1	0	0	0
HIP13518	0	2	0	0
HIP13554	1	0	0	0
HIP13567	1	0	0	0
HIP13592	0	2	0	0
HIP13610	0	1	0	0
HIP13625	1	0	0	1
HIP13627	1	0	0	0
HIP13654	1	1	0	0
HIP13658	0	0	0	2
HIP13661	1	0	0	1
HIP13663	0	1	0	0
HIP13667	0	2	0	0
HIP13671	0	1	1	0
HIP13686	1	0	0	1
HIP13695	1	0	0	0
HIP13699	1	1	0	0
HIP13703	0	1	0	0
HIP13709	0	0	0	0
HIP13710	0	0	0	1
HIP13720	1	0	0	0
HIP13722	0	0	0	0
HIP13736	0	1	0	0
HIP13741	0	1	0	0
HIP13746	1	0	0	0
HIP13749	2	0	0	0
HIP13751	2	0	0	0
HIP13753	1	0	0	0
HIP13754	0	1	0	0
HIP13757	0	0	0	0
HIP13760	0	1	0	1
HIP13764	2	0	0	0
HIP13766	2	0	0	0
HIP13769	1	0	0	0
HIP13771	0	0	1	0
HIP13773	0	0	0	1
HIP13774	1	0	1	0
HIP13777	0	0	1	0
HIP13780	0	1	0	1
HIP13782	0	0	1	0
HIP13789	1	0	0	0
HIP13793	0	2	0	0
HIP13794	2	0	0	0
HIP13796	1	0	0	1
HIP13800	0	0	0	0
HIP13803	0	0	0	1
HIP13806	0	0	0	0
HIP13809	0	1	0	0
HIP13810	1	0	0	0
HIP13812	1	0	0	0
HIP13814	1	0	0	0
HIP13818	2	0	0	0
HIP13822	1	0	0	0
HIP13823	1	0	0	0
HIP13831	1	0	0	0
HIP13833	1	1	0	0
HIP13847	0	0	0	1
HIP13848	0	0	0	0
HIP13852	1	0	0	0
HIP13853	0	2	0	0
HIP13854	0	0	0	0
HIP13856	1	0	0	0
HIP13857	1	0	1	0
HIP13859	1	0	1	0
HIP13860	0	2	0	0
HIP13865	1	1	0	0
HIP13869	0	1	0	0
HIP13871	1	0	1	0
HIP13875	1	0	0	0
HIP13877	1	0	0	0
HIP13880	2	0	0	0
HIP13887	0	0	1	0
HIP13893	0	1	0	0
HIP13894	0	1	0	0
HIP13900	0	0	0	0
HIP13902	1	0	0	1
HIP13903	0	0	0	0
HIP13911	1	0	1	0
HIP13916	1	0	0	1
HIP13919	2	0	0	0
HIP13920	1	0	1	0
HIP13923	0	0	2	0
HIP13926	0	0	1	0
HIP13928	2	0	0	0
HIP13929	1	0	1	0
HIP13932	0	2	0	0
HIP13933	1	0	1	0
HIP13935	0	0	0	1
HIP13938	0	0	0	2
HIP13939	1	0	1	0
HIP13941	0	1	0	0
HIP13944	1	1	0	0
HIP13945	0	0	0	0
HIP13947	0	1	1	0
HIP13949	0	0	0	1
HIP13951	0	0	1	0
HIP13954	0	1	0	0
HIP13956	1	0	0	0
HIP13958	0	0	0	0
HIP13961	1	0	0	0
HIP13962	0	0	0	0
HIP13964	0	1	0	0
HIP13966	0	1	0	1
HIP13967	0	0	0	0
HIP13972	0	1	1	0
HIP13975	1	0	0	0
HIP13976	0	0	1	0
HIP13978	0	1	0	0
HIP13981	1	0	0	0
HIP13983	0	0	2	0
HIP13986	0	0	0	0
HIP13987	2	0	0	0
HIP13988	0	2	0	0
HIP13989	0	1	0	0
HIP13992	1	0	1	0
HIP13994	0	1	0	0
HIP13996	0	0	1	0
HIP14000	0	0	0	1
HIP14004	0	0	0	0
HIP14007	0	0	1	0
HIP14009	1	1	0	0
HIP14014	0	1	0	0
HIP14015	0	1	0	0
HIP14016	0	0	2	0
HIP14018	1	0	0	0
HIP14020	0	1	0	0
HIP14022	0	0	0	0
HIP14024	0	1	0	0
HIP14028	1	0	0	0
HIP14030	0	0	0	0
HIP14034	1	0	0	0
HIP14036	1	1	0	0
HIP14037	0	1	0	0
HIP14039	0	0	0	0
HIP14041	0	0	0	1
HIP14043	0	2	0	0
HIP14045	0	0	1	0
HIP14048	0	0	0	1
HIP14051	0	1	0	0
HIP14053	0	0	1	0
HIP14055	0	0	0	0
HIP14059	0	1	0	0
HIP14060	2	0	0	0
HIP14064	0	1	0	0
HIP14066	0	0	0	0
HIP14071	0	0	0	1
HIP14072	1	0	0	0
HIP14074	0	2	0	0
HIP14077	0	0	0	1
HIP14079	1	0	0	1
HIP14080	0	0	0	0
HIP14089	1	0	0	1
HIP14090	0	1	0	0
HIP14092	1	0	0	0
HIP14095	0	0	1	0
HIP14096	2	0	0	0
HIP14103	0	1	0	0
HIP14106	1	1	0	0
HIP14107	0	0	0	1
HIP14110	0	0	0	0
HIP14114	1	0	0	0
HIP14118	1	0	1	0
HIP14121	1	0	1	0
HIP14124	0	0	0	1
HIP14127	1	0	0	0
HIP14129	1	0	0	0
HIP14130	0	0	0	0
HIP14134	1	0	1	0
HIP14136	0	0	1	0
HIP14138	1	1	0	0
HIP14140	1	0	0	1
HIP14142	1	1	0	0
HIP14143	0	0	1	0
HIP14148	0	1	0	1
HIP14152	0	0	0	0
HIP14153	0	1	0	0
HIP14156	1	1	0	0
HIP14157	0	0	1	0
HIP14160	0	2	0	0
HIP14161	0	1	1	0
HIP14170	0	1	0	0
HIP14172	0	2	0	0
HIP14174	0	1	0	0
HIP14175	1	0	0	1
HIP14176	0	0	0	0
HIP14178	0	0	0	0
HIP14181	0	2	0	0
HIP14183	0	0	0	0
HIP14184	2	0	0	0
HIP14187	0	1	0	0
HIP14192	1	0	0	0
HIP14194	0	1	0	0
HIP14196	0	0	0	0
HIP14202	0	0	0	0
HIP14205	0	1	0	0
HIP14206	1	0	0	0
HIP14209	0	0	1	0
HIP14211	0	0	1	0
HIP14213	2	0	0	0
HIP14214	0	0	1	0
HIP14217	0	0	0	0
HIP14218	1	0	0	0
HIP14221	0	0	1	0
HIP14223	2	0	0	0
HIP14226	1	0	0	1
HIP14227	0	1	0	0
HIP14230	2	0	0	0
HIP14231	2	0	0	0
HIP14234	0	1	0	0
HIP14236	1	0	0	0
HIP14237	1	1	0	0
HIP14238	0	1	0	0
HIP14240	0	0	0	0
HIP14241	0	1	0	0
HIP14243	1	0	0	0
HIP14244	2	0	0	0
HIP14361	1	0	1	0
HIP14363	2	0	0	0
HIP14494	1	0	0	1
HIP14844	1	1	0	0
HIP14911	1	0	0	0
HIP15685	0	1	1	0
HIP15855	1	1	0	0
HIP15860	1	0	1	0
HIP15861	1	1	0	0
HIP16515	1	0	0	0
HIP16738	1	0	0	0
HIP16867	0	0	0	0
HIP17370	0	0	0	0
HIP17440	0	0	0	0
HIP17445	0	0	1	0
HIP17449	0	1	0	0
HIP17454	0	0	0	0
HIP17457	1	0	0	0
HIP17534	1	0	0	0
HIP17577	0	0	1	0
HIP17585	1	1	0	0
HIP17698	0	1	0	0
HIP17723	2	0	0	0
HIP17737	0	0	0	0
HIP17760	0	2	0	0
HIP17793	1	0	0	0
HIP17837	1	1	0	0
HIP17845	0	0	0	0
HIP17887	0	1	0	0
HIP19048	1	0	0	0
HIP19089	0	1	0	1
HIP19716	0	0	0	0
HIP19717	1	0	1	0
