Sample	dose1	dose2	dose3	dose4	dose5
HIP00110	2	0	0	0	0
HIP00169	0	0	1	0	0
HIP00594	2	0	0	0	0
HIP00602	0	1	0	0	0
HIP00614	2	0	0	0	0
HIP00640	0	0	1	0	0
HIP00707	0	0	0	0	0
HIP00710	1	0	1	0	0
HIP00715	0	0	0	1	0
HIP00728	0	1	1	0	0
HIP00734	0	0	0	0	0
HIP00761	0	0	0	0	0
HIP00769	1	0	0	0	0
HIP00771	1	0	0	0	0
HIP00773	2	0	0	0	0
HIP00775	1	0	0	0	1
HIP00777	1	0	1	0	0
HIP00779	2	0	0	0	0
HIP00813	0	2	0	0	0
HIP00819	0	0	1	0	0
HIP00822	1	0	0	0	0
HIP00825	0	0	1	0	0
HIP00826	0	0	0	0	0
HIP00832	2	0	0	0	0
HIP00838	0	0	0	1	0
HIP00851	1	0	0	0	0
HIP00869	0	0	0	0	0
HIP00898	0	0	0	0	0
HIP00904	1	0	1	0	0
HIP00924	1	1	0	0	0
HIP00926	0	1	0	0	0
HIP00934	1	0	0	0	0
HIP00951	0	0	0	0	0
HIP00971	0	0	0	0	0
HIP00985	0	0	1	1	0
HIP00997	1	0	0	0	0
HIP00999	0	0	0	1	0
HIP01004	1	0	0	0	0
HIP01022	1	0	0	0	0
HIP01055	0	0	0	0	0
HIP01091	0	0	2	0	0
HIP01129	0	2	0	0	0
HIP01140	0	1	0	0	0
HIP01160	0	1	0	0	0
HIP01161	1	0	0	0	0
HIP01162	2	0	0	0	0
HIP01180	0	0	0	0	0
HIP01181	2	0	0	0	0
HIP01197	1	0	0	0	0
HIP01206	0	1	0	0	0
HIP01218	1	0	0	0	0
HIP01219	0	1	0	0	0
HIP01220	0	0	0	0	0
HIP01223	0	0	0	1	0
HIP01232	0	1	0	0	1
HIP01253	2	0	0	0	0
HIP01255	0	0	0	0	0
HIP01264	1	0	0	0	0
HIP01266	0	1	0	0	0
HIP01298	0	1	0	0	0
HIP01313	2	0	0	0	0
HIP01359	0	0	0	0	0
HIP01384	0	1	0	0	0
HIP01391	0	0	0	1	0
HIP01392	0	0	0	0	0
HIP01393	1	1	0	0	0
HIP01465	0	0	0	0	0
HIP01470	2	0	0	0	0
HIP01499	1	1	0	0	0
HIP01501	1	0	0	0	0
HIP01571	0	1	0	0	0
HIP01582	1	0	1	0	0
HIP01596	1	0	0	0	0
HIP01597	0	0	0	0	1
HIP01765	0	0	0	0	0
HIP01795	0	0	0	1	0
HIP01797	1	0	0	0	1
HIP01798	1	0	0	0	0
HIP01805	0	1	0	0	0
HIP01820	0	1	0	0	0
HIP01856	0	0	0	0	0
HIP01865	0	1	0	0	0
HIP01867	0	2	0	0	0
HIP01870	1	0	0	0	0
HIP01947	1	0	1	0	0
HIP02078	0	0	0	0	0
HIP02090	0	0	0	0	0
HIP02103	2	0	0	0	0
HIP02112	1	0	0	0	0
HIP02126	0	1	0	0	0
HIP02663	1	0	0	0	0
HIP02734	0	1	0	0	0
HIP02737	0	0	0	0	0
HIP02780	0	0	0	0	0
HIP02790	0	0	0	0	0
HIP02805	0	0	0	0	1
HIP02811	1	0	0	0	0
HIP02848	1	0	0	0	0
HIP02855	1	0	0	0	0
HIP02873	0	0	0	0	0
HIP02875	1	1	0	0	0
HIP02877	0	0	0	1	0
HIP02928	0	0	0	1	0
HIP02947	0	1	0	0	0
HIP02962	0	0	0	0	0
HIP02997	1	0	0	0	1
HIP03004	1	0	0	0	0
HIP03099	0	0	0	0	0
HIP03107	0	0	0	0	1
HIP03111	1	1	0	0	0
HIP03125	1	0	0	0	0
HIP03184	0	1	0	0	0
HIP03197	1	0	0	0	0
HIP03216	2	0	0	0	0
HIP03228	1	0	0	0	0
HIP03233	1	0	0	0	1
HIP03236	0	0	0	0	0
HIP03275	1	1	0	0	0
HIP03370	1	1	0	0	0
HIP03378	1	0	0	1	0
HIP03381	0	1	0	0	0
HIP03383	0	1	0	0	0
HIP03385	0	0	1	0	0
HIP03484	1	0	0	0	0
HIP03494	0	0	0	0	0
HIP03495	0	0	0	0	0
HIP03502	0	0	0	0	0
HIP03505	1	0	0	0	0
HIP03511	1	0	1	0	0
HIP03591	1	0	0	0	0
HIP03592	1	0	0	0	0
HIP03597	1	1	0	0	0
HIP03628	0	1	0	1	0
HIP03630	1	0	1	0	0
HIP03651	2	0	0	0	0
HIP03677	0	0	0	0	0
HIP03678	1	0	0	0	0
HIP03685	1	0	0	0	0
HIP03693	0	0	0	0	0
HIP03695	0	0	0	0	0
HIP03720	1	0	0	0	0
HIP03732	0	1	0	0	0
HIP03746	0	0	0	2	0
HIP03807	1	1	0	0	0
HIP03812	1	0	0	0	0
HIP03814	2	0	0	0	0
HIP04464	1	0	0	0	0
HIP04471	0	1	0	0	0
HIP04480	1	0	1	0	0
HIP04498	0	0	0	1	0
HIP04510	0	0	0	1	0
HIP04511	0	0	0	0	0
HIP04527	1	0	0	0	0
HIP04532	1	1	0	0	0
HIP04552	0	0	0	0	0
HIP04555	0	0	0	0	0
HIP04576	1	0	0	0	0
HIP04578	2	0	0	0	0
HIP04597	1	0	0	0	0
HIP04605	1	1	0	0	0
HIP04611	0	0	0	0	0
HIP04634	1	0	0	0	0
HIP04958	0	1	0	0	0
HIP05311	0	0	0	0	0
HIP05331	0	0	0	0	0
HIP05377	1	0	0	0	0
HIP05388	1	0	0	0	0
HIP05390	1	0	0	0	0
HIP05398	1	1	0	0	0
HIP05405	0	0	0	0	0
HIP05409	0	0	0	0	0
HIP05434	0	0	0	0	0
HIP05437	0	0	0	0	0
HIP05444	1	0	0	0	0
HIP05455	0	0	0	2	0
HIP05460	0	0	0	0	1
HIP05467	0	0	0	0	0
HIP05524	1	1	0	0	0
HIP05540	2	0	0	0	0
HIP05551	1	0	0	0	0
HIP05552	1	0	0	0	0
HIP05559	2	0	0	0	0
HIP05561	2	0	0	0	0
HIP05563	0	0	0	0	0
HIP05574	2	0	0	0	0
HIP05578	0	1	0	1	0
HIP05590	1	0	0	0	0
HIP05595	0	2	0	0	0
HIP05665	1	0	0	0	1
HIP05757	1	0	0	1	0
HIP05763	2	0	0	0	0
HIP05815	2	0	0	0	0
HIP05817	0	0	0	0	0
HIP05832	1	1	0	0	0
HIP05838	1	0	0	0	0
HIP05841	0	0	1	0	0
HIP05934	1	0	0	0	0
HIP05941	1	1	0	0	0
HIP05942	2	0	0	0	0
HIP05948	0	0	0	0	0
HIP05960	2	0	0	0	0
HIP06191	0	0	0	0	1
HIP07754	0	0	0	0	0
HIP08076	0	0	0	0	0
HIP08200	2	0	0	0	0
HIP08223	0	0	0	1	0
HIP08230	1	0	0	0	0
HIP08236	1	0	0	0	0
HIP08337	0	0	0	0	0
HIP08339	2	0	0	0	0
HIP08345	1	0	0	0	0
HIP08346	0	1	0	0	0
HIP08389	0	0	0	0	0
HIP08399	1	0	0	0	0
HIP08400	0	0	1	0	1
HIP08439	2	0	0	0	0
HIP08499	0	0	0	0	0
HIP08507	0	0	0	0	0
HIP08521	1	0	0	0	0
HIP08596	1	0	0	0	0
HIP08598	2	0	0	0	0
HIP08653	2	0	0	0	0
HIP08702	2	0	0	0	0
HIP08710	0	0	1	1	0
HIP08711	2	0	0	0	0
HIP08725	2	0	0	0	0
HIP08792	1	0	0	0	0
HIP08805	1	0	0	0	0
HIP08816	1	0	0	0	0
HIP08821	0	1	0	0	1
HIP08827	0	0	0	0	0
HIP08888	1	1	0	0	0
HIP08890	1	0	0	0	1
HIP08972	0	2	0	0	0
HIP08986	1	0	0	0	0
HIP08989	1	0	0	0	0
HIP09001	1	0	0	0	0
HIP09020	2	0	0	0	0
HIP09026	0	0	0	0	0
HIP09029	0	0	0	0	0
HIP09046	0	0	0	0	0
HIP09051	1	1	0	0	0
HIP09062	0	0	1	0	1
HIP09097	0	0	0	0	0
HIP09118	1	0	0	0	0
HIP09119	0	1	0	1	0
HIP09122	2	0	0	0	0
HIP09150	0	0	0	0	0
HIP09159	0	0	0	0	0
HIP09190	1	1	0	0	0
HIP09253	0	0	0	0	1
HIP09284	1	1	0	0	0
HIP09344	2	0	0	0	0
HIP09364	0	0	0	0	0
HIP09365	0	0	0	0	0
HIP09366	1	0	0	0	0
HIP09430	1	1	0	0	0
HIP09559	0	0	0	0	0
HIP09624	0	0	0	0	0
HIP09681	0	0	0	0	0
HIP09775	0	0	0	0	0
HIP09789	0	0	0	0	0
HIP10358	1	0	0	0	0
HIP10376	0	0	0	0	0
HIP10377	1	0	0	0	0
HIP10389	0	1	0	0	0
HIP10408	0	0	0	0	0
HIP10424	1	0	0	0	0
HIP10443	1	0	0	0	0
HIP10445	0	1	0	0	0
HIP10447	0	1	0	0	0
HIP10480	0	1	0	0	0
HIP10507	2	0	0	0	0
HIP10514	0	0	0	0	0
HIP10545	0	0	0	0	0
HIP10564	1	0	0	0	0
HIP10568	0	1	0	0	0
HIP10597	2	0	0	0	0
HIP10602	0	0	0	0	0
HIP10639	0	0	0	0	0
HIP10669	1	1	0	0	0
HIP10694	1	0	0	0	1
HIP10716	1	0	0	0	0
HIP10726	0	1	0	0	0
HIP10730	1	1	0	0	0
HIP10746	1	0	0	0	0
HIP10759	0	0	0	0	0
HIP10787	1	0	0	0	0
HIP10814	1	0	0	0	0
HIP10815	0	0	0	1	0
HIP10817	0	0	0	0	0
HIP10820	0	0	0	0	0
HIP10821	0	2	0	0	0
HIP10823	0	0	1	0	0
HIP11058	1	0	0	0	0
HIP11513	2	0	0	0	0
HIP11518	0	0	0	0	0
HIP11553	0	0	0	0	0
HIP11613	0	0	0	0	0
HIP11649	0	0	0	0	0
HIP11711	0	2	0	0	0
HIP11717	2	0	0	0	0
HIP11758	0	0	0	0	0
HIP11774	0	1	0	0	0
HIP11784	0	0	0	0	0
HIP11845	2	0	0	0	0
HIP11857	1	1	0	0	0
HIP11937	2	0	0	0	0
HIP11989	0	1	0	0	0
HIP12034	1	1	0	0	0
HIP12088	0	0	0	0	1
HIP12091	1	0	0	1	0
HIP12097	0	0	0	1	0
HIP12099	0	0	0	0	0
HIP12123	0	0	0	0	0
HIP12129	0	1	0	0	0
HIP12527	0	0	0	0	0
HIP12533	1	0	0	0	0
HIP12534	0	1	0	0	0
HIP12538	0	0	0	0	0
HIP12703	0	0	0	0	0
HIP12743	1	0	0	0	0
HIP12900	1	0	0	0	0
HIP12980	1	0	0	0	0
HIP13015	1	0	0	0	1
HIP13122	1	0	0	0	0
HIP13142	0	0	0	0	0
HIP13157	0	0	0	0	0
HIP13168	1	0	0	0	0
HIP13176	1	0	0	0	0
HIP13178	0	0	0	1	0
HIP13183	0	0	0	0	0
HIP13193	0	0	0	1	0
HIP13206	1	1	0	0	0
HIP13209	2	0	0	0	0
HIP13214	1	0	1	0	0
HIP13217	0	1	0	0	0
HIP13220	0	1	0	0	0
HIP13227	0	0	0	1	0
HIP13228	2	0	0	0	0
HIP13230	1	0	0	0	0
HIP13233	1	1	0	0	0
HIP13244	1	0	0	0	0
HIP13245	1	0	0	0	0
HIP13251	1	0	0	0	0
HIP13252	0	0	0	0	0
HIP13256	1	0	0	0	1
HIP13263	1	0	1	0	0
HIP13265	0	1	0	0	0
HIP13274	1	0	0	1	0
HIP13276	2	0	0	0	0
HIP13291	0	0	1	0	0
HIP13294	1	0	0	0	0
HIP13296	0	0	0	0	0
HIP13303	1	0	0	0	0
HIP13306	0	0	0	1	0
HIP13309	1	0	0	0	0
HIP13318	0	0	0	2	0
HIP13319	0	0	0	1	1
HIP13324	1	0	0	0	0
HIP13325	1	0	0	0	0
HIP13350	1	0	0	0	0
HIP13352	0	0	0	0	0
HIP13355	0	0	0	0	0
HIP13360	0	0	0	0	0
HIP13361	1	0	0	0	0
HIP13363	1	0	0	0	0
HIP13376	0	0	0	1	0
HIP13383	0	0	0	0	0
HIP13396	0	0	0	0	2
HIP13402	1	1	0	0	0
HIP13414	0	0	0	0	0
HIP13449	0	1	0	0	0
HIP13463	0	0	0	0	0
HIP13465	0	0	0	0	0
HIP13478	0	0	1	0	0
HIP13489	0	1	0	0	0
HIP13497	0	1	0	0	0
HIP13505	0	0	0	0	0
HIP13511	0	1	0	0	0
HIP13513	1	0	0	0	0
HIP13515	1	0	0	0	0
HIP13518	0	0	0	0	0
HIP13554	1	0	0	0	1
HIP13567	1	0	0	0	0
HIP13592	0	0	1	0	0
HIP13610	1	0	0	0	0
HIP13625	0	1	0	0	0
HIP13627	1	0	0	0	0
HIP13654	0	0	0	0	1
HIP13658	0	0	0	0	0
HIP13661	0	1	0	0	0
HIP13663	1	0	0	0	0
HIP13667	0	0	2	0	0
HIP13671	0	0	0	1	0
HIP13686	0	1	0	0	0
HIP13695	1	0	0	0	0
HIP13699	0	0	0	0	0
HIP13703	1	0	0	0	0
HIP13709	1	0	0	0	0
HIP13710	0	1	0	0	0
HIP13720	1	0	0	0	0
HIP13722	1	0	0	0	0
HIP13736	1	0	0	0	0
HIP13741	1	0	0	0	0
HIP13746	1	0	0	0	0
HIP13749	0	0	0	0	0
HIP13751	0	0	0	0	0
HIP13753	1	0	0	0	1
HIP13754	1	0	0	0	0
HIP13757	1	0	0	0	0
HIP13760	0	1	0	0	0
HIP13764	0	0	0	0	0
HIP13766	0	0	0	0	0
HIP13769	1	0	0	0	1
HIP13771	0	0	0	0	0
HIP13773	1	1	0	0	0
HIP13774	0	0	0	0	0
HIP13777	1	0	0	0	0
HIP13780	0	0	0	0	0
HIP13782	0	1	0	0	0
HIP13789	1	0	0	0	0
HIP13793	0	0	2	0	0
HIP13794	0	0	0	0	1
HIP13796	0	0	0	0	0
HIP13800	2	0	0	0	0
HIP13803	0	2	0	0	0
HIP13806	2	0	0	0	0
HIP13809	0	1	0	0	0
HIP13810	1	0	0	0	1
HIP13812	1	0	0	0	0
HIP13814	1	0	0	0	1
HIP13818	0	0	0	0	0
HIP13822	1	0	0	0	0
HIP13823	1	0	0	0	0
HIP13831	1	0	0	0	0
HIP13833	0	0	0	0	0
HIP13847	0	2	0	0	0
HIP13848	0	1	0	0	0
HIP13852	1	0	0	0	0
HIP13853	0	0	1	0	0
HIP13854	2	0	0	0	0
HIP13856	1	0	0	0	0
HIP13857	0	0	0	1	0
HIP13859	0	0	0	0	1
HIP13860	0	0	0	0	0
HIP13865	0	0	0	0	0
HIP13869	1	0	0	0	0
HIP13871	0	0	0	0	0
HIP13875	0	0	0	0	0
HIP13877	0	0	0	0	0
HIP13880	0	0	0	0	0
HIP13887	1	0	0	0	0
HIP13893	0	1	0	0	0
HIP13894	1	0	0	0	0
HIP13900	0	2	0	0	0
HIP13902	0	1	0	0	0
HIP13903	2	0	0	0	0
HIP13911	0	0	0	0	0
HIP13916	0	1	0	0	0
HIP13919	0	0	0	0	0
HIP13920	0	0	0	0	1
HIP13923	0	0	0	0	0
HIP13926	0	0	0	0	0
HIP13928	0	0	0	0	0
HIP13929	0	0	0	1	0
HIP13932	0	0	2	0	0
HIP13933	0	0	0	0	0
HIP13935	1	1	0	0	0
HIP13938	0	0	0	0	0
HIP13939	0	0	0	1	0
HIP13941	1	0	0	0	0
HIP13944	0	0	0	0	0
HIP13945	1	1	0	0	0
HIP13947	0	0	0	0	0
HIP13949	0	1	0	0	0
HIP13951	1	0	0	0	0
HIP13954	1	0	0	0	0
HIP13956	1	0	0	0	0
HIP13958	1	0	0	0	0
HIP13961	1	0	0	0	0
HIP13962	2	0	0	0	0
HIP13964	0	1	0	0	0
HIP13966	0	0	0	0	0
HIP13967	1	0	0	0	0
HIP13972	0	0	1	0	0
HIP13975	1	0	0	0	0
HIP13976	1	0	0	1	0
HIP13978	1	0	0	0	0
HIP13981	1	0	0	0	0
HIP13983	0	0	0	0	0
HIP13986	1	1	0	0	0
HIP13987	0	0	0	0	0
HIP13988	0	0	0	0	0
HIP13989	0	0	0	0	0
HIP13992	0	0	0	0	0
HIP13994	1	0	0	0	0
HIP13996	1	0	0	0	0
HIP14000	0	2	0	0	0
HIP14004	1	0	0	0	0
HIP14007	1	0	0	0	0
HIP14009	0	0	0	0	0
HIP14014	0	0	0	0	0
HIP14015	1	0	0	0	0
HIP14016	0	0	0	2	0
HIP14018	0	1	0	0	0
HIP14020	1	0	1	0	0
HIP14022	0	0	0	0	0
HIP14024	1	0	1	0	0
HIP14028	1	0	0	0	0
HIP14030	2	0	0	0	0
HIP14034	1	0	0	0	0
HIP14036	0	0	0	0	0
HIP14037	1	0	0	0	0
HIP14039	1	0	0	0	0
HIP14041	1	1	0	0	0
HIP14043	0	0	0	0	0
HIP14045	0	1	0	0	0
HIP14048	1	1	0	0	0
HIP14051	1	0	0	0	0
HIP14053	1	0	0	0	0
HIP14055	0	1	0	0	0
HIP14059	1	0	1	0	0
HIP14060	0	0	0	0	1
HIP14064	1	0	0	0	0
HIP14066	2	0	0	0	0
HIP14071	1	1	0	0	0
HIP14072	0	1	0	0	0
HIP14074	0	0	2	0	0
HIP14077	1	0	0	0	0
HIP14079	0	1	0	0	0
HIP14080	1	1	0	0	0
HIP14089	0	0	0	0	0
HIP14090	1	0	0	0	0
HIP14092	1	0	0	0	0
HIP14095	1	0	0	1	0
HIP14096	0	0	0	0	0
HIP14103	1	0	0	0	0
HIP14106	0	0	0	0	0
HIP14107	1	1	0	0	0
HIP14110	1	1	0	0	0
HIP14114	1	0	0	0	0
HIP14118	0	0	0	0	1
HIP14121	0	0	0	0	0
HIP14124	1	0	0	0	0
HIP14127	1	0	0	0	0
HIP14129	1	0	0	0	0
HIP14130	1	0	0	0	0
HIP14134	0	0	0	0	0
HIP14136	1	0	0	1	0
HIP14138	0	0	1	0	0
HIP14140	0	1	0	0	0
HIP14142	0	0	0	0	0
HIP14143	1	0	0	0	0
HIP14148	0	1	0	0	0
HIP14152	0	2	0	0	0
HIP14153	0	0	0	0	0
HIP14156	0	0	0	0	0
HIP14157	1	0	0	1	0
HIP14160	0	0	0	0	0
HIP14161	0	0	0	1	0
HIP14170	1	0	0	0	0
HIP14172	0	0	1	0	0
HIP14174	1	0	1	0	0
HIP14175	0	1	0	0	0
HIP14176	2	0	0	0	0
HIP14178	1	1	0	0	0
HIP14181	0	0	2	0	0
HIP14183	2	0	0	0	0
HIP14184	0	0	0	0	0
HIP14187	1	0	0	0	0
HIP14192	1	0	0	0	0
HIP14194	1	0	1	0	0
HIP14196	2	0	0	0	0
HIP14202	2	0	0	0	0
HIP14205	1	0	0	0	0
HIP14206	1	0	0	0	0
HIP14209	0	0	0	0	0
HIP14211	1	0	0	1	0
HIP14213	0	0	0	0	0
HIP14214	1	0	0	0	0
HIP14217	1	0	0	0	0
HIP14218	1	0	0	0	0
HIP14221	0	1	0	0	0
HIP14223	0	0	0	0	0
HIP14226	0	0	0	0	0
HIP14227	1	0	0	0	0
HIP14230	0	0	0	0	0
HIP14231	0	0	0	0	0
HIP14234	1	0	0	0	0
HIP14236	1	0	0	0	0
HIP14237	0	0	0	0	0
HIP14238	0	0	0	0	0
HIP14240	1	0	0	0	0
HIP14241	0	1	0	0	0
HIP14243	1	0	0	0	0
HIP14244	0	0	0	0	0
HIP14361	0	1	0	0	0
HIP14363	0	0	0	0	0
HIP14494	0	1	0	0	1
HIP14844	0	0	0	0	1
HIP14911	1	0	0	0	0
HIP15685	0	0	0	0	0
HIP15855	0	0	0	0	0
HIP15860	0	0	0	1	1
HIP15861	0	0	0	0	0
HIP16515	1	0	0	0	0
HIP16738	1	0	0	0	0
HIP16867	1	0	0	0	0
HIP17370	2	0	0	0	0
HIP17440	2	0	0	0	0
HIP17445	1	0	0	0	0
HIP17449	1	0	0	0	0
HIP17454	2	0	0	0	0
HIP17457	0	1	0	0	0
HIP17534	1	0	0	0	0
HIP17577	1	0	0	0	0
HIP17585	0	0	0	0	1
HIP17698	1	0	0	0	0
HIP17723	0	0	0	0	0
HIP17737	0	0	0	0	0
HIP17760	0	0	2	0	0
HIP17793	1	0	0	0	0
HIP17837	0	0	0	0	0
HIP17845	1	1	0	0	0
HIP17887	1	0	0	0	0
HIP19048	0	1	0	0	1
HIP19089	0	1	0	0	0
HIP19716	2	0	0	0	0
HIP19717	0	0	0	0	0
