Sample	dose1	dose2	dose3	dose4
HIP00110	0	0	0	1
HIP00169	0	2	0	0
HIP00594	0	1	0	0
HIP00602	0	1	0	0
HIP00614	0	0	0	0
HIP00640	0	0	0	1
HIP00707	1	0	1	0
HIP00710	0	0	0	1
HIP00715	1	0	0	0
HIP00728	2	0	0	0
HIP00734	0	0	0	1
HIP00761	0	0	1	0
HIP00769	1	0	0	0
HIP00771	0	0	1	0
HIP00773	0	0	0	0
HIP00775	0	1	0	0
HIP00777	0	1	0	0
HIP00779	0	0	0	0
HIP00813	1	0	0	0
HIP00819	1	1	0	0
HIP00822	1	0	0	0
HIP00825	1	0	0	0
HIP00826	0	0	0	0
HIP00832	0	0	0	0
HIP00838	1	0	1	0
HIP00851	0	0	1	0
HIP00869	1	0	0	0
HIP00898	1	0	0	0
HIP00904	1	1	0	0
HIP00924	1	0	0	0
HIP00926	2	0	0	0
HIP00934	1	0	0	0
HIP00951	0	0	0	0
HIP00971	0	1	1	0
HIP00985	2	0	0	0
HIP00997	0	0	0	0
HIP00999	2	0	0	0
HIP01004	1	0	0	0
HIP01022	0	0	0	0
HIP01055	0	0	1	0
HIP01091	1	1	0	0
HIP01129	0	2	0	0
HIP01140	1	0	0	0
HIP01160	0	0	0	0
HIP01161	1	0	0	0
HIP01162	0	0	0	0
HIP01180	0	1	0	0
HIP01181	0	0	0	0
HIP01197	0	1	0	0
HIP01206	1	1	0	0
HIP01218	0	0	1	0
HIP01219	0	0	0	0
HIP01220	1	0	0	0
HIP01223	2	0	0	0
HIP01232	0	1	0	0
HIP01253	0	0	0	0
HIP01255	1	1	0	0
HIP01264	0	0	0	0
HIP01266	1	0	0	0
HIP01298	0	1	0	0
HIP01313	0	0	0	0
HIP01359	0	1	1	0
HIP01384	0	2	0	0
HIP01391	1	0	1	0
HIP01392	0	0	1	0
HIP01393	1	0	0	0
HIP01465	1	0	0	0
HIP01470	0	0	0	0
HIP01499	1	0	0	0
HIP01501	0	0	0	0
HIP01571	1	0	0	0
HIP01582	1	0	0	0
HIP01596	0	0	0	0
HIP01597	1	1	0	0
HIP01765	1	0	0	0
HIP01795	2	0	0	0
HIP01797	0	1	0	0
HIP01798	0	0	0	0
HIP01805	1	1	0	0
HIP01820	1	1	0	0
HIP01856	2	0	0	0
HIP01865	1	1	0	0
HIP01867	1	0	0	0
HIP01870	0	1	0	0
HIP01947	0	1	0	0
HIP02078	1	0	0	0
HIP02090	0	1	0	0
HIP02103	0	0	0	0
HIP02112	0	0	0	0
HIP02126	1	0	0	0
HIP02663	0	0	1	0
HIP02734	1	0	0	0
HIP02737	1	1	0	0
HIP02780	0	0	0	0
HIP02790	1	0	0	0
HIP02805	1	1	0	0
HIP02811	1	0	0	0
HIP02848	0	0	0	0
HIP02855	0	0	0	0
HIP02873	1	0	0	0
HIP02875	0	0	0	0
HIP02877	2	0	0	0
HIP02928	1	1	0	0
HIP02947	0	1	0	0
HIP02962	0	1	0	0
HIP02997	0	1	0	0
HIP03004	1	0	0	0
HIP03099	1	0	0	0
HIP03107	1	1	0	0
HIP03111	1	0	0	0
HIP03125	0	1	0	0
HIP03184	1	0	0	1
HIP03197	1	0	0	0
HIP03216	0	0	0	0
HIP03228	1	0	0	0
HIP03233	0	1	0	0
HIP03236	0	1	0	0
HIP03275	0	0	0	0
HIP03370	1	1	0	0
HIP03378	1	0	0	0
HIP03381	1	0	0	0
HIP03383	1	1	0	0
HIP03385	0	1	0	0
HIP03484	0	0	0	0
HIP03494	0	2	0	0
HIP03495	0	0	0	0
HIP03502	0	1	0	0
HIP03505	0	0	0	0
HIP03511	0	1	0	0
HIP03591	1	0	0	0
HIP03592	0	1	0	0
HIP03597	1	0	0	0
HIP03628	1	1	0	0
HIP03630	0	1	0	0
HIP03651	0	1	0	0
HIP03677	0	0	0	0
HIP03678	0	0	0	0
HIP03685	0	1	0	0
HIP03693	0	0	1	0
HIP03695	0	0	0	0
HIP03720	0	0	0	0
HIP03732	1	0	0	0
HIP03746	2	0	0	0
HIP03807	0	0	0	0
HIP03812	0	0	1	0
HIP03814	0	0	0	0
HIP04464	0	1	0	0
HIP04471	1	1	0	0
HIP04480	0	1	0	0
HIP04498	1	0	0	0
HIP04510	2	0	0	0
HIP04511	2	0	0	0
HIP04527	0	0	0	0
HIP04532	1	0	0	0
HIP04552	1	0	0	0
HIP04555	1	1	0	0
HIP04576	0	0	0	0
HIP04578	0	0	0	0
HIP04597	0	0	0	0
HIP04605	0	0	0	0
HIP04611	0	2	0	0
HIP04634	0	1	0	0
HIP04958	1	0	0	0
HIP05311	2	0	0	0
HIP05331	1	1	0	0
HIP05377	0	0	0	0
HIP05388	0	0	0	0
HIP05390	0	0	0	1
HIP05398	0	1	0	0
HIP05405	1	1	0	0
HIP05409	2	0	0	0
HIP05434	2	0	0	0
HIP05437	2	0	0	0
HIP05444	0	0	0	1
HIP05455	1	0	0	0
HIP05460	0	1	0	0
HIP05467	1	0	1	0
HIP05524	0	1	0	0
HIP05540	0	0	0	0
HIP05551	0	0	0	1
HIP05559	1	0	0	0
HIP05561	0	0	0	0
HIP05563	0	0	0	0
HIP05574	0	0	0	0
HIP05578	1	0	0	0
HIP05590	1	0	0	0
HIP05595	1	1	0	0
HIP05665	0	1	0	0
HIP05757	1	0	0	0
HIP05763	0	0	0	0
HIP05815	0	1	0	0
HIP05817	1	1	0	0
HIP05832	1	0	0	0
HIP05838	1	0	0	0
HIP05841	0	1	0	1
HIP05934	0	0	0	0
HIP05941	1	0	0	0
HIP05942	0	0	0	0
HIP05948	0	0	0	0
HIP05960	0	0	0	0
HIP06191	1	1	0	0
HIP07754	1	0	0	0
HIP08076	1	0	0	0
HIP08200	0	1	0	0
HIP08223	1	1	0	0
HIP08230	0	1	1	0
HIP08236	0	0	0	0
HIP08337	1	0	0	0
HIP08339	0	0	0	0
HIP08345	0	1	0	0
HIP08346	0	0	0	0
HIP08389	0	1	0	0
HIP08399	0	0	0	0
HIP08400	1	1	0	0
HIP08439	0	1	0	0
HIP08499	2	0	0	0
HIP08507	2	0	0	0
HIP08521	0	1	0	0
HIP08596	0	0	0	0
HIP08598	0	0	0	0
HIP08653	0	0	0	0
HIP08702	0	0	0	0
HIP08710	2	0	0	0
HIP08711	0	0	0	0
HIP08725	0	0	0	0
HIP08792	0	0	1	0
HIP08805	1	0	0	0
HIP08816	1	0	0	0
HIP08821	0	2	0	0
HIP08827	0	1	0	0
HIP08888	0	1	0	0
HIP08890	0	1	0	0
HIP08972	1	0	0	0
HIP08986	0	0	0	0
HIP08989	0	0	0	0
HIP09001	1	1	0	0
HIP09020	0	0	0	0
HIP09026	0	0	0	0
HIP09029	2	0	0	0
HIP09046	1	1	0	0
HIP09051	0	0	1	0
HIP09062	1	1	0	0
HIP09097	0	0	0	2
HIP09118	0	0	0	0
HIP09119	2	0	0	0
HIP09122	0	0	0	0
HIP09150	0	0	1	0
HIP09159	1	0	0	0
HIP09190	1	0	0	0
HIP09253	0	1	0	0
HIP09284	0	0	0	0
HIP09344	1	0	0	0
HIP09364	2	0	0	0
HIP09365	2	0	0	0
HIP09366	0	0	1	0
HIP09430	0	0	0	0
HIP09559	1	0	0	0
HIP09624	1	1	0	0
HIP09681	1	1	0	0
HIP09775	0	0	0	0
HIP09789	0	2	0	0
HIP10358	0	1	0	0
HIP10376	2	0	0	0
HIP10377	1	0	0	0
HIP10389	1	1	0	0
HIP10408	1	0	0	0
HIP10424	0	0	0	0
HIP10443	0	0	1	0
HIP10445	1	0	0	0
HIP10447	0	1	0	0
HIP10480	1	1	0	0
HIP10507	0	0	0	0
HIP10514	1	0	0	0
HIP10545	1	0	0	0
HIP10564	0	1	0	0
HIP10568	0	1	0	0
HIP10597	0	0	0	0
HIP10602	2	0	0	0
HIP10639	1	1	0	0
HIP10669	0	1	0	0
HIP10694	0	1	0	0
HIP10716	0	0	0	0
HIP10726	1	1	0	0
HIP10730	0	1	0	0
HIP10746	2	0	0	0
HIP10759	1	0	0	0
HIP10787	1	1	0	0
HIP10814	1	0	0	0
HIP10815	2	0	0	0
HIP10817	0	0	0	0
HIP10820	2	0	0	0
HIP10821	0	0	0	0
HIP10823	2	0	0	0
HIP11058	1	0	0	0
HIP11513	1	0	0	0
HIP11518	1	1	0	0
HIP11553	0	1	0	0
HIP11613	1	0	0	0
HIP11649	1	0	0	0
HIP11711	1	0	0	0
HIP11717	1	0	0	0
HIP11758	0	0	0	0
HIP11774	1	0	0	0
HIP11784	0	2	0	0
HIP11845	0	0	0	0
HIP11857	0	0	0	0
HIP11937	0	0	0	0
HIP11989	0	0	0	0
HIP12034	1	0	0	0
HIP12088	1	1	0	0
HIP12091	1	0	0	0
HIP12097	1	0	1	0
HIP12099	1	0	0	0
HIP12123	1	1	0	0
HIP12129	1	0	0	0
HIP12527	0	1	1	0
HIP12533	0	0	0	0
HIP12534	0	1	0	1
HIP12538	1	1	0	0
HIP12703	1	1	0	0
HIP12743	0	0	0	0
HIP12900	0	0	0	0
HIP12980	1	0	0	0
HIP13015	0	1	0	0
HIP13122	1	0	0	0
HIP13142	1	0	0	1
HIP13157	0	0	0	0
HIP13168	1	0	0	0
HIP13176	0	1	0	0
HIP13178	1	1	0	0
HIP13183	1	1	0	0
HIP13193	1	1	0	0
HIP13206	0	1	0	0
HIP13209	0	0	0	0
HIP13214	0	1	0	0
HIP13217	1	1	0	0
HIP13220	1	1	0	0
HIP13227	1	1	0	0
HIP13228	0	1	0	0
HIP13230	1	0	0	0
HIP13233	0	1	0	0
HIP13244	1	0	0	0
HIP13245	0	1	0	0
HIP13251	0	0	0	0
HIP13252	1	0	0	0
HIP13256	0	1	0	0
HIP13263	1	0	0	0
HIP13265	0	1	1	0
HIP13274	1	0	0	0
HIP13276	0	0	0	0
HIP13291	1	0	0	0
HIP13294	1	0	0	0
HIP13296	1	0	0	0
HIP13303	0	1	0	0
HIP13306	1	0	0	0
HIP13309	1	0	0	0
HIP13318	2	0	0	0
HIP13319	1	1	0	0
HIP13324	1	0	0	0
HIP13325	0	0	0	0
HIP13350	0	1	0	0
HIP13352	1	0	0	0
HIP13355	0	0	0	0
HIP13360	1	0	0	0
HIP13361	0	0	0	0
HIP13363	0	0	0	0
HIP13376	1	0	1	0
HIP13383	2	0	0	0
HIP13396	0	1	0	0
HIP13402	0	1	0	0
HIP13414	2	0	0	0
HIP13449	1	1	0	0
HIP13463	0	0	0	1
HIP13465	1	0	0	0
HIP13478	1	1	0	0
HIP13489	0	1	0	0
HIP13497	1	0	0	0
HIP13505	0	0	2	0
HIP13511	0	1	0	0
HIP13513	1	0	0	0
HIP13515	1	0	0	0
HIP13518	2	0	0	0
HIP13554	0	1	0	0
HIP13567	1	0	0	0
HIP13592	1	0	1	0
HIP13610	1	0	0	0
HIP13625	1	1	0	0
HIP13627	0	1	0	0
HIP13654	1	1	0	0
HIP13658	1	1	0	0
HIP13661	0	1	0	0
HIP13663	1	0	0	0
HIP13667	0	2	0	0
HIP13671	1	0	0	0
HIP13686	1	1	0	0
HIP13695	0	0	0	0
HIP13699	1	0	0	0
HIP13703	0	0	1	0
HIP13709	0	0	0	0
HIP13710	0	2	0	0
HIP13720	1	0	0	0
HIP13722	0	0	0	0
HIP13736	1	0	0	0
HIP13741	1	0	0	0
HIP13746	1	0	0	0
HIP13749	2	0	0	0
HIP13751	0	1	0	0
HIP13753	0	1	0	0
HIP13754	1	0	0	0
HIP13757	0	0	0	0
HIP13760	1	0	0	0
HIP13764	1	0	0	0
HIP13766	1	0	0	0
HIP13769	0	1	0	0
HIP13771	1	1	0	0
HIP13773	0	1	0	0
HIP13774	2	0	0	0
HIP13777	1	0	0	0
HIP13780	0	0	2	0
HIP13782	0	0	0	0
HIP13789	0	0	0	0
HIP13793	0	2	0	0
HIP13794	1	0	0	0
HIP13796	1	0	0	0
HIP13800	0	0	0	0
HIP13803	1	0	0	0
HIP13806	0	1	0	0
HIP13809	0	0	1	0
HIP13810	0	1	0	0
HIP13812	1	0	0	0
HIP13814	0	1	0	0
HIP13818	2	0	0	0
HIP13822	0	0	0	0
HIP13823	1	0	0	0
HIP13831	1	0	0	0
HIP13833	2	0	0	0
HIP13847	1	1	0	0
HIP13848	1	0	0	0
HIP13852	1	0	0	0
HIP13853	1	0	0	1
HIP13854	0	0	0	0
HIP13856	1	0	0	0
HIP13857	1	0	0	0
HIP13859	0	2	0	0
HIP13860	2	0	0	0
HIP13865	1	0	1	0
HIP13869	1	0	0	0
HIP13871	0	1	0	0
HIP13875	1	0	0	0
HIP13877	0	1	0	0
HIP13880	1	0	0	0
HIP13887	0	1	0	0
HIP13893	2	0	0	0
HIP13894	1	0	0	0
HIP13900	1	0	0	0
HIP13902	2	0	0	0
HIP13903	0	0	0	0
HIP13911	0	1	0	1
HIP13916	1	1	0	0
HIP13919	1	0	0	0
HIP13920	0	2	0	0
HIP13923	0	0	0	0
HIP13926	2	0	0	0
HIP13928	1	0	0	0
HIP13929	2	0	0	0
HIP13932	2	0	0	0
HIP13933	0	1	0	0
HIP13935	1	0	0	0
HIP13938	0	2	0	0
HIP13939	1	0	0	0
HIP13941	1	0	0	0
HIP13944	0	1	0	0
HIP13945	1	0	0	0
HIP13947	0	1	1	0
HIP13949	0	2	0	0
HIP13951	1	0	0	0
HIP13954	1	0	0	0
HIP13956	0	0	0	0
HIP13958	0	0	0	0
HIP13961	0	0	0	0
HIP13962	0	0	0	0
HIP13964	1	0	0	0
HIP13966	0	0	0	1
HIP13967	0	0	0	0
HIP13972	0	1	0	0
HIP13975	1	0	0	0
HIP13976	1	0	0	0
HIP13978	1	0	0	0
HIP13981	0	0	0	0
HIP13983	0	2	0	0
HIP13986	0	0	0	0
HIP13987	1	0	0	0
HIP13988	1	0	1	0
HIP13989	0	0	1	0
HIP13992	1	1	0	0
HIP13994	1	0	0	0
HIP13996	0	1	0	0
HIP14000	1	0	0	0
HIP14004	0	0	0	0
HIP14007	1	0	0	0
HIP14009	1	1	0	0
HIP14014	0	0	1	0
HIP14015	1	0	0	0
HIP14016	1	0	0	0
HIP14018	0	0	0	0
HIP14020	0	1	0	0
HIP14022	0	0	1	0
HIP14024	0	1	0	0
HIP14028	1	0	0	0
HIP14030	0	0	0	0
HIP14034	1	0	0	0
HIP14036	1	0	0	0
HIP14037	1	0	0	0
HIP14039	0	0	0	0
HIP14041	0	0	0	0
HIP14043	2	0	0	0
HIP14045	2	0	0	0
HIP14048	0	0	0	0
HIP14051	1	0	0	0
HIP14053	0	1	0	0
HIP14055	1	0	0	0
HIP14059	0	1	0	0
HIP14060	0	1	0	0
HIP14064	0	0	0	0
HIP14066	0	0	0	0
HIP14071	0	1	0	0
HIP14072	1	1	0	0
HIP14074	0	1	1	0
HIP14077	0	1	0	0
HIP14079	0	1	0	1
HIP14080	1	0	0	0
HIP14089	0	0	0	0
HIP14090	0	0	0	0
HIP14092	1	0	0	0
HIP14095	1	0	0	0
HIP14096	0	0	0	0
HIP14103	1	0	0	0
HIP14106	1	0	0	0
HIP14107	0	1	0	0
HIP14110	0	0	0	0
HIP14114	0	0	0	0
HIP14118	0	2	0	0
HIP14121	2	0	0	0
HIP14124	0	1	0	0
HIP14127	0	0	0	0
HIP14129	0	1	0	0
HIP14130	0	0	0	0
HIP14134	0	2	0	0
HIP14136	1	0	0	0
HIP14138	2	0	0	0
HIP14140	0	0	0	0
HIP14142	1	0	0	0
HIP14143	1	0	0	0
HIP14148	1	1	0	0
HIP14152	0	0	0	0
HIP14153	1	0	0	0
HIP14156	1	0	0	0
HIP14157	1	0	0	0
HIP14160	1	0	0	0
HIP14161	1	0	0	1
HIP14170	1	1	0	0
HIP14172	2	0	0	0
HIP14174	1	0	0	0
HIP14175	1	1	0	0
HIP14176	0	0	0	0
HIP14178	0	0	0	0
HIP14181	0	2	0	0
HIP14183	0	0	0	0
HIP14184	1	0	0	0
HIP14187	1	0	0	0
HIP14192	0	0	0	0
HIP14194	0	1	0	0
HIP14196	0	0	0	0
HIP14202	0	0	0	0
HIP14205	1	0	0	0
HIP14206	0	0	0	1
HIP14209	0	1	0	0
HIP14211	1	0	0	0
HIP14213	0	0	0	1
HIP14214	0	1	0	0
HIP14217	0	0	0	0
HIP14218	0	1	0	0
HIP14221	2	0	0	0
HIP14223	0	0	0	0
HIP14226	0	2	0	0
HIP14227	1	0	0	0
HIP14230	1	0	0	0
HIP14231	1	0	0	0
HIP14234	0	0	1	0
HIP14236	0	0	0	0
HIP14237	2	0	0	0
HIP14238	0	0	0	0
HIP14240	1	0	0	0
HIP14241	1	0	0	0
HIP14243	1	0	0	0
HIP14244	1	0	0	0
HIP14361	0	0	0	0
HIP14363	2	0	0	0
HIP14494	1	1	0	0
HIP14844	1	1	0	0
HIP14911	0	0	0	0
HIP15685	1	1	0	0
HIP15855	2	0	0	0
HIP15860	1	1	0	0
HIP15861	0	0	1	0
HIP16515	1	0	0	0
HIP16738	0	1	0	0
HIP16867	1	0	0	0
HIP17370	0	0	0	0
HIP17440	1	0	0	0
HIP17445	0	1	0	0
HIP17449	1	0	0	0
HIP17454	0	0	0	0
HIP17457	2	0	0	0
HIP17534	0	0	0	0
HIP17577	0	1	0	0
HIP17585	0	1	1	0
HIP17698	1	0	0	0
HIP17723	1	0	0	0
HIP17737	0	0	0	0
HIP17760	0	0	0	0
HIP17793	0	0	0	0
HIP17837	2	0	0	0
HIP17845	0	0	0	0
HIP17887	0	0	1	0
HIP19048	0	0	0	0
HIP19089	1	1	0	0
HIP19716	0	0	0	0
HIP19717	2	0	0	0
