Sample	dose1	dose2	dose3
HIP00110	2	0	0
HIP00169	2	0	0
HIP00594	1	0	0
HIP00602	0	1	0
HIP00614	1	0	1
HIP00640	0	1	0
HIP00707	0	0	1
HIP00710	1	0	0
HIP00715	0	0	0
HIP00728	0	0	0
HIP00734	0	0	1
HIP00761	0	0	0
HIP00769	0	0	0
HIP00771	0	0	0
HIP00773	0	0	0
HIP00775	1	0	0
HIP00777	0	0	0
HIP00779	0	0	0
HIP00813	0	0	0
HIP00819	0	1	0
HIP00822	1	0	0
HIP00825	0	0	1
HIP00826	0	0	1
HIP00832	0	0	0
HIP00838	0	0	1
HIP00851	1	0	0
HIP00869	1	0	0
HIP00898	0	2	0
HIP00904	0	0	1
HIP00924	0	2	0
HIP00926	0	0	1
HIP00934	0	0	1
HIP00951	0	1	0
HIP00971	1	0	0
HIP00985	0	0	0
HIP00997	0	2	0
HIP00999	0	2	0
HIP01004	0	0	1
HIP01022	1	0	1
HIP01055	0	1	0
HIP01091	0	0	0
HIP01129	0	0	1
HIP01140	0	0	0
HIP01160	0	2	0
HIP01161	1	0	0
HIP01162	1	0	0
HIP01180	1	1	0
HIP01181	0	0	0
HIP01197	0	1	0
HIP01206	0	1	0
HIP01218	0	0	0
HIP01219	1	1	0
HIP01220	0	0	0
HIP01223	0	0	1
HIP01232	0	0	0
HIP01253	0	0	0
HIP01255	0	0	0
HIP01264	1	1	0
HIP01266	0	1	1
HIP01298	0	1	0
HIP01313	1	0	0
HIP01359	1	0	0
HIP01384	0	1	0
HIP01391	0	0	1
HIP01392	0	0	0
HIP01393	0	0	0
HIP01465	1	0	0
HIP01470	0	0	0
HIP01499	0	0	0
HIP01501	0	1	0
HIP01571	0	0	0
HIP01582	0	1	0
HIP01596	0	0	1
HIP01597	0	1	0
HIP01765	1	0	0
HIP01795	0	0	0
HIP01797	0	0	0
HIP01798	1	0	0
HIP01805	0	0	1
HIP01820	1	0	0
HIP01856	0	2	0
HIP01865	0	0	0
HIP01867	1	0	0
HIP01870	1	0	0
HIP01947	0	0	0
HIP02078	0	0	0
HIP02090	0	0	1
HIP02103	2	0	0
HIP02112	0	2	0
HIP02126	0	1	0
HIP02663	1	0	0
HIP02734	0	1	1
HIP02737	0	0	1
HIP02780	1	1	0
HIP02790	2	0	0
HIP02805	0	0	0
HIP02811	0	1	0
HIP02848	0	1	0
HIP02855	0	0	0
HIP02873	0	1	0
HIP02875	0	1	0
HIP02877	0	1	1
HIP02928	0	0	1
HIP02947	0	1	0
HIP02962	0	1	0
HIP02997	0	0	0
HIP03004	0	0	0
HIP03099	0	0	0
HIP03107	0	0	0
HIP03111	1	1	0
HIP03125	0	0	0
HIP03184	1	0	0
HIP03197	2	0	0
HIP03216	0	0	1
HIP03228	1	0	0
HIP03233	0	1	0
HIP03236	0	1	0
HIP03275	1	0	0
HIP03370	2	0	0
HIP03378	0	0	1
HIP03381	1	1	0
HIP03383	0	0	1
HIP03385	0	2	0
HIP03484	0	1	1
HIP03494	1	0	0
HIP03495	0	0	0
HIP03502	0	1	0
HIP03505	0	1	0
HIP03511	1	0	1
HIP03591	1	0	0
HIP03592	1	0	0
HIP03597	0	0	0
HIP03628	0	0	0
HIP03630	0	0	0
HIP03651	0	0	1
HIP03677	1	0	0
HIP03678	0	0	1
HIP03685	0	0	0
HIP03693	0	1	0
HIP03695	1	0	0
HIP03720	1	0	0
HIP03732	0	1	0
HIP03746	0	0	2
HIP03807	0	0	0
HIP03812	0	1	0
HIP03814	1	0	0
HIP04464	0	1	0
HIP04471	0	0	1
HIP04480	0	0	0
HIP04498	0	0	1
HIP04510	0	1	0
HIP04511	1	0	0
HIP04527	0	1	0
HIP04532	1	0	0
HIP04552	0	0	1
HIP04555	0	0	0
HIP04576	1	0	0
HIP04578	1	0	0
HIP04597	1	1	0
HIP04605	0	0	0
HIP04611	1	0	1
HIP04634	0	0	0
HIP04958	1	0	0
HIP05311	1	0	0
HIP05331	0	1	1
HIP05377	0	1	1
HIP05388	0	0	0
HIP05390	1	0	1
HIP05398	1	0	0
HIP05405	0	0	0
HIP05409	0	0	2
HIP05434	0	0	1
HIP05437	0	0	1
HIP05444	0	0	1
HIP05455	0	0	2
HIP05460	0	0	0
HIP05467	0	1	0
HIP05524	0	0	0
HIP05540	2	0	0
HIP05551	0	0	0
HIP05552	0	0	1
HIP05559	0	0	0
HIP05561	0	0	0
HIP05563	0	1	0
HIP05574	1	0	0
HIP05578	0	1	0
HIP05590	0	1	0
HIP05595	0	0	0
HIP05665	0	1	0
HIP05757	0	1	0
HIP05763	2	0	0
HIP05815	1	0	0
HIP05817	0	0	0
HIP05832	0	0	0
HIP05838	0	0	1
HIP05841	0	1	0
HIP05934	1	0	0
HIP05941	1	1	0
HIP05942	0	0	0
HIP05948	0	1	0
HIP05960	1	1	0
HIP06191	0	0	0
HIP07754	0	0	1
HIP08076	0	1	0
HIP08200	0	0	0
HIP08223	1	0	1
HIP08230	0	1	0
HIP08236	0	1	0
HIP08337	1	1	0
HIP08339	1	0	0
HIP08345	0	1	0
HIP08346	0	0	0
HIP08389	1	1	0
HIP08399	1	0	0
HIP08400	0	0	0
HIP08439	0	0	0
HIP08499	0	0	0
HIP08507	0	1	0
HIP08521	2	0	0
HIP08596	0	0	0
HIP08598	1	0	0
HIP08653	0	0	0
HIP08702	1	0	0
HIP08710	1	0	1
HIP08711	2	0	0
HIP08725	1	0	0
HIP08792	1	0	0
HIP08805	1	0	0
HIP08816	1	0	0
HIP08821	0	0	0
HIP08827	0	0	0
HIP08888	2	0	0
HIP08890	0	0	0
HIP08972	0	1	0
HIP08986	0	1	1
HIP08989	0	1	0
HIP09001	0	0	0
HIP09020	1	0	1
HIP09026	0	0	1
HIP09029	0	1	0
HIP09046	0	0	1
HIP09051	0	0	0
HIP09062	0	0	2
HIP09097	0	1	0
HIP09118	1	0	1
HIP09119	0	0	1
HIP09122	0	0	0
HIP09150	0	0	0
HIP09159	0	1	0
HIP09190	1	0	1
HIP09253	0	0	0
HIP09284	1	0	0
HIP09344	0	0	0
HIP09364	1	0	0
HIP09365	0	1	0
HIP09366	1	0	0
HIP09430	1	0	0
HIP09559	0	0	1
HIP09624	1	0	0
HIP09681	0	0	1
HIP09775	1	0	0
HIP09789	2	0	0
HIP10358	1	0	0
HIP10376	0	0	1
HIP10377	0	1	0
HIP10389	1	0	0
HIP10408	1	0	0
HIP10424	0	0	0
HIP10443	0	1	0
HIP10445	1	0	0
HIP10447	0	0	0
HIP10480	0	0	0
HIP10507	0	0	0
HIP10514	0	0	0
HIP10545	0	1	1
HIP10564	0	1	0
HIP10568	0	0	0
HIP10597	1	0	0
HIP10602	0	0	0
HIP10639	0	0	0
HIP10669	0	0	0
HIP10694	0	0	0
HIP10716	1	1	0
HIP10726	1	0	0
HIP10730	1	0	0
HIP10746	0	0	0
HIP10759	0	0	0
HIP10787	0	0	0
HIP10814	1	1	0
HIP10815	0	0	1
HIP10817	0	1	0
HIP10820	0	1	0
HIP10821	0	0	0
HIP10823	0	1	1
HIP11058	1	0	0
HIP11513	0	0	0
HIP11518	0	0	0
HIP11553	1	1	0
HIP11613	1	0	0
HIP11649	1	0	0
HIP11711	0	1	0
HIP11717	0	2	0
HIP11758	0	2	0
HIP11774	0	0	0
HIP11784	1	0	0
HIP11845	0	0	0
HIP11857	0	1	0
HIP11937	1	0	0
HIP11989	0	1	1
HIP12034	0	0	0
HIP12088	0	0	0
HIP12091	1	0	1
HIP12097	0	0	1
HIP12099	0	0	0
HIP12123	1	0	0
HIP12129	0	0	0
HIP12527	0	1	0
HIP12533	0	0	0
HIP12534	0	1	0
HIP12538	0	0	0
HIP12703	0	0	0
HIP12743	0	0	0
HIP12900	2	0	0
HIP12980	0	0	1
HIP13015	1	0	0
HIP13122	0	0	1
HIP13142	0	1	0
HIP13157	1	1	0
HIP13168	0	1	0
HIP13176	1	0	0
HIP13178	1	0	0
HIP13183	0	1	1
HIP13193	0	1	1
HIP13206	1	0	0
HIP13209	1	1	0
HIP13214	1	0	0
HIP13217	0	1	0
HIP13220	0	0	0
HIP13227	0	0	0
HIP13228	0	1	1
HIP13230	0	0	0
HIP13233	1	0	0
HIP13244	0	0	0
HIP13245	0	1	1
HIP13251	1	1	0
HIP13252	0	0	0
HIP13256	0	0	0
HIP13263	2	0	0
HIP13265	1	0	0
HIP13274	0	0	0
HIP13276	0	0	1
HIP13291	0	0	1
HIP13294	0	1	0
HIP13296	0	0	0
HIP13303	0	1	0
HIP13306	0	0	1
HIP13309	0	1	0
HIP13318	1	0	0
HIP13319	0	0	1
HIP13324	0	0	0
HIP13325	0	0	1
HIP13350	1	0	0
HIP13352	1	0	1
HIP13355	0	1	0
HIP13360	0	1	0
HIP13361	0	0	1
HIP13363	0	0	0
HIP13376	0	0	0
HIP13383	0	0	2
HIP13396	0	1	0
HIP13402	0	0	0
HIP13414	0	2	0
HIP13449	1	1	0
HIP13463	1	1	0
HIP13465	0	2	0
HIP13478	0	0	1
HIP13489	1	1	0
HIP13497	0	0	1
HIP13505	0	0	0
HIP13511	0	0	0
HIP13513	0	0	0
HIP13515	1	0	0
HIP13518	1	1	0
HIP13554	0	0	0
HIP13567	0	0	1
HIP13592	0	0	1
HIP13610	0	0	0
HIP13625	0	0	0
HIP13627	1	0	0
HIP13654	0	1	0
HIP13658	1	0	0
HIP13661	0	0	0
HIP13663	1	1	0
HIP13667	0	2	0
HIP13671	1	1	0
HIP13686	0	0	1
HIP13695	0	1	1
HIP13699	0	1	0
HIP13703	1	0	1
HIP13709	0	1	0
HIP13710	0	0	0
HIP13720	1	0	0
HIP13722	0	0	0
HIP13736	1	1	0
HIP13741	0	2	0
HIP13746	0	0	0
HIP13749	0	1	1
HIP13751	0	1	0
HIP13753	0	0	0
HIP13754	0	1	0
HIP13757	1	0	0
HIP13760	0	0	0
HIP13764	0	0	1
HIP13766	0	1	0
HIP13769	1	0	0
HIP13771	0	0	0
HIP13773	0	1	0
HIP13774	0	0	1
HIP13777	1	0	0
HIP13780	0	0	0
HIP13782	1	0	0
HIP13789	0	1	0
HIP13793	0	1	1
HIP13794	1	0	0
HIP13796	1	0	0
HIP13800	0	0	0
HIP13803	0	0	0
HIP13806	1	0	0
HIP13809	1	0	0
HIP13810	0	0	0
HIP13812	1	0	0
HIP13814	1	0	0
HIP13818	0	0	0
HIP13822	1	0	0
HIP13823	0	0	1
HIP13831	0	0	1
HIP13833	0	1	0
HIP13847	0	0	0
HIP13848	0	0	0
HIP13852	0	0	0
HIP13853	0	0	1
HIP13854	0	1	0
HIP13856	1	0	0
HIP13857	0	0	0
HIP13859	0	1	0
HIP13860	0	0	0
HIP13865	1	0	0
HIP13869	0	0	1
HIP13871	0	0	1
HIP13875	0	1	0
HIP13877	0	0	1
HIP13880	0	0	0
HIP13887	2	0	0
HIP13893	0	0	1
HIP13894	0	0	0
HIP13900	1	0	0
HIP13902	0	2	0
HIP13903	0	0	0
HIP13911	0	0	0
HIP13916	0	1	0
HIP13919	0	1	0
HIP13920	0	0	0
HIP13923	2	0	0
HIP13926	0	0	0
HIP13928	0	0	0
HIP13929	0	0	2
HIP13932	0	0	1
HIP13933	0	1	1
HIP13935	1	0	0
HIP13938	1	1	0
HIP13939	1	0	1
HIP13941	0	1	0
HIP13944	0	0	0
HIP13945	0	0	0
HIP13947	0	0	0
HIP13949	1	0	0
HIP13951	1	1	0
HIP13954	0	0	0
HIP13956	0	0	0
HIP13958	0	1	0
HIP13961	0	0	0
HIP13962	0	0	1
HIP13964	0	2	0
HIP13966	0	0	0
HIP13967	1	0	0
HIP13972	0	0	0
HIP13975	0	0	0
HIP13976	0	0	1
HIP13978	0	0	0
HIP13981	1	1	0
HIP13983	1	0	0
HIP13986	1	1	0
HIP13987	0	0	0
HIP13988	0	0	0
HIP13989	0	1	0
HIP13992	0	0	2
HIP13994	1	0	0
HIP13996	1	0	0
HIP14000	0	0	0
HIP14004	0	0	0
HIP14007	0	0	1
HIP14009	0	0	0
HIP14014	0	2	0
HIP14015	0	0	2
HIP14016	1	0	0
HIP14018	0	0	0
HIP14020	0	0	0
HIP14022	0	0	0
HIP14024	0	0	0
HIP14028	0	0	0
HIP14030	1	0	0
HIP14034	0	0	0
HIP14036	0	1	0
HIP14037	0	0	0
HIP14039	0	0	1
HIP14041	1	0	0
HIP14043	0	2	0
HIP14045	0	0	0
HIP14048	1	1	0
HIP14051	0	2	0
HIP14053	0	0	0
HIP14055	0	1	0
HIP14059	0	0	0
HIP14060	0	0	0
HIP14064	0	0	0
HIP14066	0	0	0
HIP14071	1	0	0
HIP14072	1	0	1
HIP14074	0	1	0
HIP14077	1	0	0
HIP14079	0	0	0
HIP14080	1	0	0
HIP14089	0	0	0
HIP14090	1	0	0
HIP14092	0	0	0
HIP14095	1	0	0
HIP14096	0	1	0
HIP14103	1	0	0
HIP14106	0	0	0
HIP14107	0	0	0
HIP14110	1	0	0
HIP14114	0	2	0
HIP14118	0	0	0
HIP14121	0	0	1
HIP14124	1	1	0
HIP14127	0	0	0
HIP14129	1	0	0
HIP14130	0	1	0
HIP14134	2	0	0
HIP14136	1	0	0
HIP14138	0	1	1
HIP14140	0	0	0
HIP14142	0	1	0
HIP14143	0	0	0
HIP14148	0	0	0
HIP14152	0	1	0
HIP14153	0	0	0
HIP14156	1	0	1
HIP14157	0	0	0
HIP14160	1	0	0
HIP14161	0	0	0
HIP14170	0	1	0
HIP14172	1	0	1
HIP14174	1	0	1
HIP14175	0	0	0
HIP14176	1	0	0
HIP14178	1	0	0
HIP14181	1	1	0
HIP14183	0	1	0
HIP14184	0	0	0
HIP14187	0	1	0
HIP14192	0	1	0
HIP14194	0	0	1
HIP14196	0	0	1
HIP14202	1	0	0
HIP14205	0	1	0
HIP14206	1	1	0
HIP14209	0	2	0
HIP14211	1	0	1
HIP14213	0	1	0
HIP14214	2	0	0
HIP14217	0	0	1
HIP14218	1	0	0
HIP14221	0	1	0
HIP14223	0	0	0
HIP14226	1	1	0
HIP14227	0	0	1
HIP14230	0	1	1
HIP14231	0	0	1
HIP14234	1	0	0
HIP14236	1	0	0
HIP14237	0	1	0
HIP14238	0	0	1
HIP14240	0	0	0
HIP14241	1	0	0
HIP14243	0	0	1
HIP14244	0	0	0
HIP14361	0	1	0
HIP14363	0	0	0
HIP14494	0	1	0
HIP14844	0	0	0
HIP14911	1	1	0
HIP15685	0	0	1
HIP15855	0	1	1
HIP15860	0	0	0
HIP15861	0	0	0
HIP16515	0	0	0
HIP16738	2	0	0
HIP16867	0	1	0
HIP17370	0	0	1
HIP17440	1	0	0
HIP17445	1	1	0
HIP17449	0	1	0
HIP17454	0	0	0
HIP17457	0	0	1
HIP17534	0	0	1
HIP17577	0	0	1
HIP17585	0	0	0
HIP17698	0	1	0
HIP17723	1	0	0
HIP17737	0	0	0
HIP17760	0	0	0
HIP17793	0	0	1
HIP17837	0	0	0
HIP17845	0	0	0
HIP17887	1	0	0
HIP19048	0	0	0
HIP19089	0	0	0
HIP19716	0	0	1
HIP19717	0	1	0
