Sample	dose1	dose2	dose3
HIP00110	0	0	0
HIP00594	1	0	0
HIP00602	1	1	0
HIP00614	0	0	0
HIP00707	0	0	0
HIP00710	1	0	0
HIP00715	0	0	1
HIP00728	1	0	0
HIP00734	0	0	1
HIP00761	1	0	1
HIP00769	1	0	1
HIP00771	0	0	1
HIP00773	1	1	0
HIP00775	1	0	0
HIP00779	2	0	0
HIP00813	2	0	0
HIP00819	1	1	0
HIP00822	1	0	0
HIP00825	2	0	0
HIP00832	1	1	0
HIP00838	0	0	1
HIP00851	0	0	1
HIP00869	1	0	0
HIP00898	1	1	0
HIP00904	0	0	0
HIP00924	0	2	0
HIP00926	1	0	0
HIP00934	0	0	0
HIP00971	0	0	1
HIP00997	0	2	0
HIP01004	1	0	0
HIP01022	0	0	0
HIP01091	0	0	0
HIP01129	1	0	0
HIP01140	0	0	0
HIP01160	0	2	0
HIP01161	0	0	0
HIP01162	1	0	0
HIP01180	0	1	0
HIP01181	2	0	0
HIP01197	1	1	0
HIP01206	1	1	0
HIP01218	0	0	1
HIP01219	0	1	0
HIP01220	0	0	0
HIP01223	1	0	0
HIP01232	2	0	0
HIP01253	2	0	0
HIP01264	0	1	0
HIP01266	0	1	0
HIP01298	0	1	1
HIP01313	1	0	0
HIP01359	0	0	1
HIP01384	0	1	1
HIP01391	0	0	1
HIP01392	1	0	1
HIP01393	1	0	1
HIP01465	0	0	1
HIP01470	2	0	0
HIP01499	0	0	1
HIP01501	1	1	0
HIP01571	1	0	0
HIP01596	0	0	1
HIP01597	0	1	1
HIP01765	1	0	0
HIP01795	0	0	0
HIP01797	1	0	1
HIP01798	0	0	0
HIP01805	0	0	1
HIP01820	0	0	1
HIP01856	0	2	0
HIP01865	1	0	1
HIP01867	0	0	0
HIP01870	0	0	0
HIP01947	2	0	0
HIP02103	0	0	0
HIP02112	0	2	0
HIP02126	0	1	0
HIP02663	0	0	1
HIP02734	0	1	0
HIP02737	0	0	0
HIP02805	1	0	1
HIP02811	1	1	0
HIP02848	1	1	0
HIP02855	0	0	0
HIP02875	1	1	0
HIP02877	0	1	0
HIP02928	0	0	1
HIP02962	0	1	1
HIP02997	1	0	1
HIP03004	1	0	1
HIP03099	1	0	0
HIP03107	1	0	1
HIP03111	0	1	0
HIP03125	1	0	0
HIP03184	0	0	0
HIP03197	0	0	0
HIP03216	1	0	0
HIP03233	0	1	1
HIP03236	0	1	1
HIP03370	0	0	0
HIP03378	1	0	0
HIP03381	0	1	0
HIP03383	1	0	0
HIP03484	0	1	0
HIP03494	1	0	0
HIP03502	0	1	0
HIP03505	1	1	0
HIP03511	0	0	0
HIP03591	0	0	0
HIP03592	0	0	0
HIP03597	0	0	0
HIP03628	1	0	0
HIP03651	0	0	0
HIP03677	1	0	0
HIP03678	0	0	0
HIP03685	1	0	0
HIP03693	0	1	1
HIP03695	1	0	0
HIP03720	1	0	0
HIP03732	0	1	0
HIP03746	0	0	0
HIP03807	2	0	0
HIP03814	1	0	0
HIP04464	0	1	0
HIP04471	0	0	1
HIP04480	2	0	0
HIP04498	0	0	0
HIP04511	1	0	0
HIP04527	1	1	0
HIP04532	1	0	0
HIP04552	0	0	0
HIP04555	2	0	0
HIP04576	1	0	0
HIP04578	0	1	0
HIP04597	0	1	0
HIP04605	1	0	0
HIP04611	0	0	0
HIP04634	1	0	0
HIP04958	0	0	0
HIP05311	1	0	0
HIP05331	0	1	0
HIP05388	1	1	0
HIP05390	0	0	0
HIP05398	1	0	0
HIP05405	2	0	0
HIP05409	0	0	0
HIP05434	1	0	0
HIP05437	1	0	0
HIP05444	1	0	0
HIP05460	0	0	2
HIP05467	0	1	1
HIP05524	1	0	1
HIP05540	0	0	0
HIP05551	2	0	0
HIP05561	2	0	0
HIP05563	0	1	0
HIP05578	0	1	0
HIP05590	1	1	0
HIP05595	0	0	1
HIP05665	0	1	1
HIP05763	0	0	0
HIP05815	0	0	0
HIP05817	1	0	1
HIP05832	0	0	1
HIP05838	1	0	0
HIP05841	1	1	0
HIP05934	1	0	0
HIP05941	0	1	0
HIP05942	2	0	0
HIP05948	0	1	0
HIP05960	0	1	0
HIP06191	2	0	0
HIP07754	0	0	0
HIP08076	1	1	0
HIP08200	2	0	0
HIP08223	0	0	0
HIP08230	0	1	1
HIP08236	0	1	0
HIP08339	1	0	0
HIP08345	1	1	0
HIP08346	1	0	0
HIP08399	0	0	1
HIP08400	0	0	1
HIP08439	1	0	1
HIP08499	0	0	1
HIP08507	1	1	0
HIP08521	0	0	0
HIP08596	1	0	0
HIP08598	1	0	0
HIP08653	1	0	0
HIP08702	1	0	0
HIP08710	0	0	0
HIP08711	0	0	0
HIP08725	1	0	0
HIP08792	0	0	1
HIP08805	1	0	0
HIP08816	0	0	1
HIP08821	0	0	2
HIP08827	1	0	0
HIP08888	0	0	0
HIP08972	0	1	0
HIP08986	0	1	0
HIP08989	0	1	0
HIP09001	2	0	0
HIP09026	0	1	0
HIP09029	1	1	0
HIP09046	0	0	0
HIP09051	2	0	0
HIP09062	0	0	0
HIP09097	1	1	0
HIP09118	0	0	0
HIP09119	0	0	0
HIP09150	0	0	1
HIP09159	0	1	0
HIP09190	0	0	0
HIP09253	0	0	1
HIP09284	1	0	0
HIP09365	0	1	0
HIP09366	0	0	1
HIP09430	1	0	0
HIP09559	0	0	0
HIP09624	1	0	0
HIP09681	0	0	0
HIP09775	1	0	0
HIP10358	0	0	1
HIP10376	0	0	1
HIP10377	1	1	0
HIP10389	1	0	0
HIP10408	1	0	0
HIP10424	2	0	0
HIP10443	0	1	0
HIP10447	0	1	1
HIP10480	0	0	1
HIP10514	1	0	0
HIP10545	0	1	0
HIP10564	1	1	0
HIP10568	1	0	1
HIP10597	0	0	1
HIP10602	2	0	0
HIP10639	2	0	0
HIP10669	0	0	1
HIP10694	1	0	1
HIP10716	0	1	0
HIP10730	1	0	0
HIP10746	0	0	1
HIP10759	1	0	0
HIP10814	0	1	0
HIP10815	0	0	1
HIP10817	1	1	0
HIP10820	1	1	0
HIP10823	0	1	0
HIP11058	1	0	0
HIP11518	2	0	0
HIP11553	0	1	0
HIP11649	1	0	0
HIP11711	0	2	0
HIP11845	2	0	0
HIP11937	1	0	0
HIP11989	0	1	0
HIP12034	1	0	1
HIP12088	2	0	0
HIP12091	0	0	0
HIP12099	2	0	0
HIP12123	0	0	1
HIP12527	0	1	1
HIP12533	1	0	0
HIP12534	1	1	0
HIP12538	1	0	0
HIP12703	1	0	0
HIP12743	2	0	0
HIP12980	1	0	0
HIP13015	0	0	1
HIP13122	1	0	0
HIP13142	0	1	1
HIP13168	0	1	0
HIP13178	0	0	1
HIP13183	0	1	0
HIP13193	0	1	0
HIP13206	1	0	0
HIP13209	0	1	0
HIP13214	1	0	0
HIP13217	0	1	1
HIP13220	1	0	1
HIP13227	1	0	1
HIP13228	0	1	0
HIP13233	1	0	0
HIP13244	1	0	0
HIP13245	0	1	0
HIP13251	0	1	0
HIP13252	0	0	1
HIP13256	1	0	1
HIP13263	0	0	0
HIP13265	0	0	1
HIP13274	2	0	0
HIP13276	1	0	0
HIP13291	1	0	0
HIP13303	1	1	0
HIP13306	1	0	0
HIP13309	1	1	0
HIP13318	0	0	1
HIP13319	0	0	1
HIP13324	1	0	1
HIP13325	0	0	0
HIP13352	0	0	0
HIP13360	1	1	0
HIP13363	1	0	0
HIP13376	0	0	1
HIP13383	0	0	0
HIP13396	0	1	0
HIP13402	1	0	1
HIP13449	0	1	0
HIP13463	0	1	0
HIP13465	0	2	0
HIP13478	1	0	0
HIP13489	0	1	0
HIP13497	0	0	0
HIP13505	0	0	2
HIP13511	1	0	0
HIP13513	2	0	0
HIP13518	0	1	0
HIP13554	1	0	1
HIP13567	1	0	0
HIP13592	0	0	1
HIP13610	2	0	0
HIP13627	1	0	0
HIP13654	0	1	1
HIP13671	0	1	0
HIP13686	0	0	1
HIP13695	0	1	0
HIP13699	0	1	0
HIP13709	1	1	0
HIP13710	1	0	1
HIP13722	1	0	1
HIP13736	0	1	0
HIP13749	0	1	0
HIP13751	0	1	1
HIP13753	1	0	1
HIP13754	1	1	0
HIP13757	0	0	1
HIP13764	0	0	0
HIP13766	0	1	0
HIP13769	0	0	1
HIP13771	1	0	0
HIP13773	0	1	1
HIP13774	0	0	0
HIP13777	1	0	0
HIP13789	1	1	0
HIP13794	0	0	1
HIP13796	1	0	0
HIP13800	2	0	0
HIP13806	1	0	0
HIP13809	0	0	1
HIP13810	1	0	1
HIP13812	1	0	0
HIP13814	0	0	1
HIP13818	2	0	0
HIP13822	0	0	1
HIP13823	1	0	0
HIP13831	1	0	0
HIP13833	1	1	0
HIP13847	0	0	2
HIP13848	0	0	0
HIP13852	2	0	0
HIP13853	1	0	0
HIP13854	1	1	0
HIP13856	1	0	0
HIP13857	1	0	1
HIP13859	1	1	0
HIP13860	0	0	2
HIP13865	1	0	1
HIP13869	1	0	0
HIP13877	0	0	1
HIP13880	1	0	0
HIP13887	0	0	0
HIP13893	0	0	1
HIP13894	2	0	0
HIP13902	0	2	0
HIP13911	1	0	0
HIP13916	0	1	1
HIP13919	1	1	0
HIP13920	0	0	1
HIP13926	2	0	0
HIP13928	2	0	0
HIP13929	0	0	0
HIP13933	0	1	0
HIP13935	1	0	0
HIP13938	0	1	0
HIP13939	0	0	0
HIP13941	1	1	0
HIP13944	0	0	2
HIP13945	2	0	0
HIP13947	1	0	1
HIP13949	0	0	1
HIP13951	0	1	0
HIP13954	1	0	1
HIP13956	1	1	0
HIP13961	1	0	1
HIP13964	0	2	0
HIP13966	1	0	0
HIP13967	0	0	0
HIP13975	2	0	0
HIP13978	0	1	1
HIP13981	0	1	0
HIP13983	1	0	0
HIP13986	0	1	0
HIP13987	1	0	0
HIP13988	1	0	1
HIP13989	0	1	1
HIP13992	0	1	0
HIP13994	0	0	0
HIP13996	1	0	0
HIP14000	0	1	0
HIP14004	1	0	0
HIP14007	0	0	0
HIP14009	1	0	0
HIP14014	0	2	0
HIP14015	0	0	0
HIP14020	1	0	0
HIP14024	1	0	0
HIP14028	0	0	1
HIP14030	0	0	0
HIP14034	2	0	0
HIP14036	0	1	0
HIP14037	2	0	0
HIP14039	0	0	0
HIP14041	1	0	0
HIP14045	2	0	0
HIP14048	0	1	0
HIP14051	0	2	0
HIP14053	1	0	0
HIP14055	1	1	0
HIP14059	1	0	0
HIP14060	1	0	1
HIP14064	1	0	0
HIP14066	1	0	0
HIP14071	0	0	1
HIP14072	0	0	0
HIP14077	1	0	0
HIP14079	1	0	1
HIP14080	1	0	0
HIP14089	1	0	0
HIP14090	0	0	1
HIP14092	2	0	0
HIP14095	0	0	1
HIP14103	0	0	1
HIP14106	2	0	0
HIP14107	1	0	1
HIP14110	1	0	0
HIP14114	0	2	0
HIP14121	0	0	0
HIP14124	0	1	0
HIP14129	1	0	0
HIP14130	0	1	0
HIP14134	0	0	0
HIP14136	0	0	0
HIP14138	0	1	0
HIP14143	1	0	0
HIP14148	0	0	1
HIP14152	1	1	0
HIP14153	0	0	1
HIP14156	0	0	0
HIP14157	0	1	1
HIP14160	0	0	1
HIP14161	2	0	0
HIP14170	0	1	1
HIP14172	0	0	0
HIP14174	0	0	0
HIP14175	1	0	0
HIP14176	1	0	0
HIP14178	1	0	0
HIP14184	1	0	0
HIP14194	1	0	0
HIP14202	0	0	1
HIP14206	0	1	0
HIP14209	0	2	0
HIP14211	0	0	0
HIP14213	1	1	0
HIP14214	0	0	0
HIP14217	1	0	0
HIP14218	1	0	0
HIP14221	1	1	0
HIP14226	0	1	0
HIP14227	0	0	1
HIP14230	0	1	0
HIP14234	0	0	1
HIP14236	1	0	0
HIP14237	0	1	1
HIP14238	0	0	0
HIP14240	1	0	0
HIP14241	1	0	0
HIP14243	0	0	0
HIP14244	2	0	0
HIP14361	0	1	1
HIP14363	1	0	0
HIP14844	0	0	1
HIP14911	0	1	0
HIP15685	0	0	0
HIP15855	0	1	0
HIP15860	1	0	1
HIP15861	1	0	0
HIP16515	2	0	0
HIP16738	0	0	0
HIP16867	1	1	0
HIP17370	0	0	0
HIP17445	0	1	0
HIP17449	1	1	0
HIP17457	0	0	0
HIP17534	1	0	0
HIP17577	1	0	0
HIP17585	0	0	2
HIP17698	1	1	0
HIP17723	2	0	0
HIP17737	1	0	0
HIP17760	1	0	0
HIP17793	0	0	0
HIP17837	0	0	1
HIP17887	0	0	1
HIP19048	0	1	0
HIP19089	0	0	1
HIP19716	1	0	0
HIP19717	1	1	0
