Sample	dose1	dose2	dose3
HIP00110	0	0	0
HIP00169	0	0	1
HIP00594	0	0	0
HIP00602	0	0	0
HIP00614	0	1	0
HIP00640	0	0	0
HIP00707	0	1	0
HIP00710	0	0	0
HIP00715	1	1	0
HIP00728	0	0	0
HIP00734	1	1	0
HIP00761	1	0	0
HIP00769	2	0	0
HIP00771	1	0	0
HIP00773	2	0	0
HIP00775	0	1	0
HIP00777	0	0	0
HIP00779	2	0	0
HIP00813	0	0	0
HIP00819	1	0	0
HIP00822	1	0	0
HIP00825	0	0	0
HIP00826	0	1	0
HIP00832	1	0	0
HIP00838	1	1	0
HIP00851	1	0	0
HIP00869	1	0	0
HIP00898	2	0	0
HIP00904	0	1	0
HIP00924	2	0	0
HIP00926	0	1	0
HIP00934	0	1	0
HIP00951	1	0	0
HIP00971	1	1	0
HIP00985	2	0	0
HIP00997	2	0	0
HIP00999	0	0	0
HIP01004	1	1	0
HIP01022	0	1	0
HIP01055	1	0	0
HIP01091	0	0	0
HIP01129	0	1	0
HIP01140	0	0	0
HIP01160	2	0	0
HIP01161	0	1	0
HIP01162	1	0	0
HIP01180	1	0	0
HIP01181	1	0	0
HIP01197	2	0	0
HIP01206	1	0	0
HIP01218	1	0	0
HIP01219	1	0	0
HIP01220	0	1	0
HIP01223	0	1	0
HIP01232	0	0	0
HIP01253	2	0	0
HIP01255	0	0	0
HIP01264	1	0	0
HIP01266	0	1	0
HIP01298	2	0	0
HIP01313	1	0	0
HIP01359	1	0	0
HIP01384	1	0	0
HIP01391	1	1	0
HIP01392	1	0	0
HIP01393	0	0	0
HIP01465	1	0	0
HIP01470	2	0	0
HIP01499	1	1	0
HIP01501	2	0	0
HIP01571	0	1	0
HIP01582	2	0	0
HIP01596	0	1	0
HIP01597	0	0	0
HIP01765	0	0	0
HIP01795	0	2	0
HIP01797	1	0	0
HIP01798	1	0	0
HIP01805	1	1	0
HIP01820	1	0	0
HIP01856	0	0	0
HIP01865	1	0	0
HIP01867	0	1	0
HIP01870	0	0	0
HIP01947	2	0	0
HIP02078	1	0	0
HIP02090	0	1	0
HIP02103	0	0	0
HIP02112	2	0	0
HIP02126	1	0	0
HIP02663	1	0	0
HIP02734	1	1	0
HIP02737	0	1	0
HIP02780	1	0	0
HIP02790	0	0	1
HIP02805	0	0	0
HIP02811	2	0	0
HIP02848	2	0	0
HIP02855	0	1	0
HIP02873	0	1	0
HIP02875	1	0	0
HIP02877	1	1	0
HIP02928	1	1	0
HIP02947	0	0	0
HIP02962	2	0	0
HIP02997	0	0	0
HIP03004	2	0	0
HIP03099	0	0	0
HIP03107	0	0	0
HIP03111	0	0	0
HIP03125	1	1	0
HIP03184	0	0	1
HIP03197	0	0	0
HIP03216	1	1	0
HIP03228	1	0	0
HIP03233	1	0	0
HIP03236	1	0	0
HIP03275	0	0	0
HIP03370	0	0	0
HIP03378	1	1	0
HIP03381	1	0	0
HIP03383	0	1	0
HIP03385	1	0	0
HIP03484	1	1	0
HIP03494	0	1	0
HIP03495	0	0	0
HIP03502	1	0	0
HIP03505	2	0	0
HIP03511	0	1	0
HIP03591	0	0	0
HIP03592	0	0	0
HIP03597	0	0	0
HIP03628	0	1	0
HIP03630	0	0	0
HIP03651	0	1	0
HIP03677	1	0	1
HIP03678	0	1	0
HIP03685	1	0	0
HIP03693	2	0	0
HIP03695	1	0	0
HIP03720	0	0	0
HIP03732	0	1	0
HIP03746	0	2	0
HIP03807	2	0	0
HIP03812	2	0	0
HIP03814	1	0	0
HIP04464	1	0	0
HIP04471	1	1	0
HIP04480	1	0	0
HIP04498	0	2	0
HIP04510	1	0	0
HIP04511	0	0	0
HIP04527	2	0	0
HIP04532	0	0	0
HIP04552	0	2	0
HIP04555	0	0	0
HIP04576	0	0	0
HIP04578	0	0	0
HIP04597	1	0	0
HIP04605	1	0	0
HIP04611	0	1	0
HIP04634	1	0	0
HIP04958	0	1	0
HIP05311	1	0	0
HIP05331	0	1	0
HIP05377	2	0	0
HIP05388	1	0	0
HIP05390	0	1	0
HIP05398	0	0	0
HIP05405	1	0	0
HIP05409	0	2	0
HIP05434	0	1	0
HIP05437	0	1	0
HIP05444	1	1	0
HIP05455	0	1	0
HIP05460	1	0	0
HIP05467	1	0	0
HIP05524	2	0	0
HIP05540	0	0	0
HIP05551	1	0	0
HIP05552	1	1	0
HIP05559	0	0	0
HIP05561	2	0	0
HIP05563	1	1	0
HIP05574	0	0	0
HIP05578	1	1	0
HIP05590	0	0	0
HIP05595	1	0	0
HIP05665	0	0	0
HIP05757	2	0	0
HIP05763	0	0	0
HIP05815	0	0	0
HIP05817	1	0	0
HIP05832	1	0	0
HIP05838	1	1	0
HIP05841	0	0	0
HIP05934	1	0	0
HIP05941	1	0	0
HIP05942	2	0	0
HIP05948	1	1	0
HIP05960	1	0	0
HIP06191	0	0	0
HIP07754	0	1	0
HIP08076	1	0	0
HIP08200	1	0	0
HIP08223	0	1	0
HIP08230	2	0	0
HIP08236	0	1	0
HIP08337	1	1	0
HIP08339	1	0	0
HIP08345	2	0	0
HIP08346	0	1	0
HIP08389	1	0	0
HIP08399	1	0	0
HIP08400	0	0	0
HIP08439	1	0	0
HIP08499	1	1	0
HIP08507	1	0	0
HIP08521	0	0	1
HIP08596	0	0	0
HIP08598	1	0	0
HIP08653	1	0	0
HIP08702	1	0	0
HIP08710	0	1	0
HIP08711	0	0	0
HIP08725	1	0	0
HIP08792	1	0	0
HIP08805	0	0	0
HIP08816	1	0	0
HIP08821	1	0	0
HIP08827	0	0	0
HIP08888	0	0	0
HIP08890	1	0	0
HIP08972	1	0	0
HIP08986	1	1	0
HIP08989	1	0	0
HIP09001	0	0	0
HIP09020	0	2	0
HIP09026	1	1	0
HIP09029	0	0	0
HIP09046	0	2	0
HIP09051	0	0	0
HIP09062	0	2	0
HIP09097	1	0	0
HIP09118	0	1	0
HIP09119	0	2	0
HIP09122	0	0	0
HIP09150	1	1	0
HIP09159	1	0	0
HIP09190	0	1	0
HIP09253	0	1	0
HIP09284	0	0	0
HIP09344	0	0	0
HIP09364	1	0	1
HIP09365	1	1	0
HIP09366	1	0	0
HIP09430	1	1	0
HIP09559	0	2	0
HIP09624	0	0	0
HIP09681	0	1	0
HIP09775	0	0	1
HIP09789	0	2	0
HIP10358	1	0	0
HIP10376	1	1	0
HIP10377	2	0	0
HIP10389	0	1	0
HIP10408	0	0	1
HIP10424	1	0	0
HIP10443	0	0	0
HIP10445	0	2	0
HIP10447	1	0	0
HIP10480	1	0	0
HIP10507	2	0	0
HIP10514	0	0	0
HIP10545	1	1	0
HIP10564	1	0	0
HIP10568	2	0	0
HIP10597	1	0	0
HIP10602	1	0	0
HIP10639	1	0	0
HIP10669	1	0	0
HIP10694	1	0	0
HIP10716	1	0	0
HIP10726	0	1	0
HIP10730	1	0	0
HIP10746	1	0	0
HIP10759	0	0	0
HIP10787	1	0	0
HIP10814	0	0	0
HIP10815	1	1	0
HIP10817	1	0	0
HIP10820	1	0	0
HIP10821	0	0	0
HIP10823	0	1	0
HIP11058	0	0	0
HIP11513	0	0	0
HIP11518	0	0	0
HIP11553	1	0	1
HIP11613	0	0	1
HIP11649	0	0	1
HIP11711	1	0	0
HIP11717	1	0	0
HIP11758	1	0	0
HIP11774	1	0	0
HIP11784	0	1	0
HIP11845	2	0	0
HIP11857	1	0	0
HIP11937	0	0	0
HIP11989	1	1	0
HIP12034	1	0	0
HIP12088	1	0	0
HIP12091	0	1	0
HIP12097	0	1	0
HIP12099	0	0	0
HIP12123	1	1	0
HIP12129	0	1	0
HIP12527	2	0	0
HIP12533	1	1	0
HIP12534	1	0	0
HIP12538	0	0	0
HIP12703	1	1	0
HIP12743	1	0	0
HIP12900	0	1	0
HIP12980	1	1	0
HIP13015	0	0	0
HIP13122	0	1	0
HIP13142	1	0	0
HIP13157	1	1	0
HIP13168	0	1	0
HIP13176	1	0	0
HIP13178	1	1	0
HIP13183	0	1	0
HIP13193	0	1	0
HIP13206	1	0	0
HIP13209	1	0	0
HIP13214	0	0	0
HIP13217	1	0	0
HIP13220	1	0	0
HIP13227	2	0	0
HIP13228	0	1	0
HIP13230	2	0	0
HIP13233	1	0	1
HIP13244	1	0	0
HIP13245	0	1	0
HIP13251	1	0	0
HIP13252	1	0	0
HIP13256	1	0	0
HIP13263	0	0	0
HIP13265	1	0	0
HIP13274	2	0	0
HIP13276	1	1	0
HIP13291	0	1	0
HIP13294	0	0	0
HIP13296	2	0	0
HIP13303	2	0	0
HIP13306	1	1	0
HIP13309	2	0	0
HIP13318	1	0	0
HIP13319	0	1	0
HIP13324	1	0	0
HIP13325	0	1	0
HIP13350	0	1	0
HIP13352	0	1	0
HIP13355	0	0	0
HIP13360	0	0	0
HIP13361	0	0	0
HIP13363	1	0	0
HIP13376	1	1	0
HIP13383	0	2	0
HIP13396	1	0	0
HIP13402	1	0	0
HIP13414	0	0	0
HIP13449	1	0	0
HIP13463	1	0	0
HIP13465	1	0	0
HIP13478	0	1	0
HIP13489	1	0	0
HIP13497	0	1	0
HIP13505	2	0	0
HIP13511	0	0	0
HIP13513	0	0	0
HIP13515	0	2	0
HIP13518	0	0	0
HIP13554	1	0	0
HIP13567	0	1	0
HIP13592	1	1	0
HIP13610	1	0	0
HIP13625	0	0	0
HIP13627	1	0	0
HIP13654	0	0	0
HIP13658	1	0	0
HIP13661	0	0	0
HIP13663	1	0	0
HIP13667	0	0	0
HIP13671	0	0	0
HIP13686	1	1	0
HIP13695	1	1	0
HIP13699	1	1	0
HIP13703	0	0	0
HIP13709	2	0	0
HIP13710	1	0	0
HIP13720	0	0	0
HIP13722	0	0	0
HIP13736	1	0	0
HIP13741	1	0	0
HIP13746	0	0	0
HIP13749	1	1	0
HIP13751	1	0	0
HIP13753	1	0	0
HIP13754	2	0	0
HIP13757	1	0	0
HIP13760	1	0	0
HIP13764	0	1	0
HIP13766	0	1	0
HIP13769	0	0	0
HIP13771	0	0	0
HIP13773	1	0	0
HIP13774	0	1	0
HIP13777	0	0	0
HIP13780	1	0	1
HIP13782	0	0	1
HIP13789	2	0	0
HIP13793	1	1	0
HIP13794	0	0	0
HIP13796	1	0	0
HIP13800	1	0	0
HIP13803	0	0	0
HIP13806	1	0	1
HIP13809	1	1	0
HIP13810	1	0	0
HIP13812	1	0	0
HIP13814	0	0	0
HIP13818	1	0	0
HIP13822	0	0	0
HIP13823	1	1	0
HIP13831	1	1	0
HIP13833	2	0	0
HIP13847	1	0	0
HIP13848	0	1	0
HIP13852	0	0	0
HIP13853	0	1	0
HIP13854	1	0	0
HIP13856	1	0	0
HIP13857	1	0	0
HIP13859	1	0	0
HIP13860	2	0	0
HIP13865	1	0	0
HIP13869	1	1	0
HIP13871	0	1	0
HIP13875	1	0	0
HIP13877	1	1	0
HIP13880	1	0	0
HIP13887	0	0	1
HIP13893	1	1	0
HIP13894	1	0	0
HIP13900	0	0	0
HIP13902	2	0	0
HIP13903	1	0	0
HIP13911	0	1	0
HIP13916	2	0	0
HIP13919	2	0	0
HIP13920	0	0	0
HIP13923	0	1	0
HIP13926	0	0	0
HIP13928	1	0	0
HIP13929	0	2	0
HIP13932	0	1	0
HIP13933	1	1	0
HIP13935	0	0	0
HIP13938	0	0	0
HIP13939	0	1	0
HIP13941	1	0	0
HIP13944	2	0	0
HIP13945	1	0	0
HIP13947	1	0	0
HIP13949	1	0	0
HIP13951	0	0	0
HIP13954	2	0	0
HIP13956	0	0	0
HIP13958	2	0	0
HIP13961	2	0	0
HIP13962	0	1	0
HIP13964	1	0	0
HIP13966	0	1	0
HIP13967	0	1	0
HIP13972	0	0	0
HIP13975	1	0	0
HIP13976	0	1	0
HIP13978	1	0	0
HIP13981	1	0	0
HIP13983	0	0	1
HIP13986	1	0	0
HIP13987	0	0	0
HIP13988	1	0	0
HIP13989	1	0	0
HIP13992	1	1	0
HIP13994	0	0	0
HIP13996	1	0	0
HIP14000	0	0	0
HIP14004	1	0	0
HIP14007	0	2	0
HIP14009	0	1	0
HIP14014	1	0	0
HIP14015	0	2	0
HIP14016	1	0	0
HIP14018	0	0	0
HIP14020	1	0	0
HIP14022	2	0	0
HIP14024	1	0	0
HIP14028	0	0	0
HIP14030	0	0	0
HIP14034	1	0	0
HIP14036	0	0	0
HIP14037	1	0	0
HIP14039	0	2	0
HIP14041	0	0	0
HIP14043	0	0	0
HIP14045	0	0	0
HIP14048	0	0	0
HIP14051	0	0	0
HIP14053	1	0	0
HIP14055	1	0	0
HIP14059	1	0	0
HIP14060	0	0	0
HIP14064	1	1	0
HIP14066	1	1	0
HIP14071	1	0	0
HIP14072	0	1	0
HIP14074	1	0	0
HIP14077	1	0	0
HIP14079	1	0	0
HIP14080	0	0	0
HIP14089	0	1	0
HIP14090	1	0	0
HIP14092	0	0	0
HIP14095	0	0	0
HIP14096	1	0	0
HIP14103	1	0	0
HIP14106	0	0	0
HIP14107	1	0	0
HIP14110	1	0	0
HIP14114	2	0	0
HIP14118	0	0	0
HIP14121	0	1	0
HIP14124	1	0	1
HIP14127	1	0	0
HIP14129	1	0	0
HIP14130	1	1	0
HIP14134	0	0	1
HIP14136	0	1	0
HIP14138	1	1	0
HIP14140	0	0	0
HIP14142	0	0	0
HIP14143	1	1	0
HIP14148	1	0	0
HIP14152	1	0	0
HIP14153	1	1	0
HIP14156	0	1	0
HIP14157	1	0	0
HIP14160	1	0	1
HIP14161	1	0	0
HIP14170	2	0	0
HIP14172	0	1	0
HIP14174	0	1	0
HIP14175	0	0	0
HIP14176	1	0	0
HIP14178	1	0	1
HIP14181	1	0	1
HIP14183	0	0	0
HIP14184	0	0	0
HIP14187	0	0	0
HIP14192	1	0	0
HIP14194	0	1	0
HIP14196	0	1	0
HIP14202	1	0	0
HIP14205	0	0	0
HIP14206	1	0	0
HIP14209	2	0	0
HIP14211	0	1	0
HIP14213	1	0	0
HIP14214	0	1	0
HIP14217	0	1	0
HIP14218	1	0	0
HIP14221	1	0	0
HIP14223	0	1	0
HIP14226	1	0	0
HIP14227	1	1	0
HIP14230	1	1	0
HIP14231	0	2	0
HIP14234	1	0	0
HIP14236	0	0	0
HIP14237	0	0	0
HIP14238	0	1	0
HIP14240	1	0	0
HIP14241	0	0	1
HIP14243	0	1	0
HIP14244	0	0	0
HIP14361	2	0	0
HIP14363	0	0	0
HIP14494	1	0	0
HIP14844	0	0	0
HIP14911	1	0	0
HIP15685	0	1	0
HIP15855	0	1	0
HIP15860	1	0	0
HIP15861	0	1	0
HIP16515	2	0	0
HIP16738	0	0	0
HIP16867	1	0	0
HIP17370	0	1	0
HIP17440	0	0	0
HIP17445	1	0	0
HIP17449	1	0	0
HIP17454	1	0	0
HIP17457	0	1	0
HIP17534	1	1	0
HIP17577	1	1	0
HIP17585	1	0	0
HIP17698	1	0	0
HIP17723	1	0	0
HIP17737	0	1	0
HIP17760	1	0	0
HIP17793	0	1	0
HIP17837	1	1	0
HIP17845	1	0	0
HIP17887	1	0	0
HIP19048	0	1	0
HIP19089	1	1	0
HIP19716	1	1	0
HIP19717	2	0	0
